dataset,weight_mode,label_mode,stl_setting,perturb_setting,noise_scale,mask_p,warp_ratio,metric,value
csi800,pretrained,stl,p24_k8,n0.02_m0.05_w2,0.02,0.05,2.0,LCS_clean,-0.04704403504729271
csi800,pretrained,stl,p24_k8,n0.02_m0.05_w2,0.02,0.05,2.0,LCS_noise,-0.04905039072036743
csi800,pretrained,stl,p24_k8,n0.02_m0.05_w2,0.02,0.05,2.0,LCS_mask,-0.04618224501609802
csi800,pretrained,stl,p24_k8,n0.02_m0.05_w2,0.02,0.05,2.0,LCS_warp,-0.04262435436248779
csi800,pretrained,stl,p24_k8,n0.02_m0.05_w2,0.02,0.05,2.0,TSI_noise,0.9999134540557861
csi800,pretrained,stl,p24_k8,n0.02_m0.05_w2,0.02,0.05,2.0,TSI_mask,0.9997797012329102
csi800,pretrained,stl,p24_k8,n0.02_m0.05_w2,0.02,0.05,2.0,TSI_warp,0.9964677691459656
csi800,pretrained,stl,p24_k8,n0.02_m0.05_w2,0.02,0.05,2.0,GSP_noise,0.0020063556730747223
csi800,pretrained,stl,p24_k8,n0.02_m0.05_w2,0.02,0.05,2.0,GSP_mask,-0.0008617900311946869
csi800,pretrained,stl,p24_k8,n0.02_m0.05_w2,0.02,0.05,2.0,GSP_warp,-0.004419680684804916
csi800,pretrained,na,na,clean,0.0,0.0,0.0,LTC_step,4.3042192459106445
csi800,pretrained,na,na,clean,0.0,0.0,0.0,LTC_dir,-0.4899655878543854
csi800,pretrained,na,na,clean,0.0,0.0,0.0,FSS_spearman_h96_score,-0.04638866311837134
csi800,pretrained,na,na,clean,0.0,0.0,0.0,FSS_spearman_h96_raw_corr,0.04638866311837134
csi800,pretrained,na,na,clean,0.0,0.0,0.0,FSS_spearman_h96_ci_low,-0.05962695711797958
csi800,pretrained,na,na,clean,0.0,0.0,0.0,FSS_spearman_h96_ci_high,-0.0314484714628009
csi800,pretrained,na,na,clean,0.0,0.0,0.0,FSS_spearman_h96_pvalue,5.4997146735284644e-11
csi800,pretrained,na,na,clean_k10,0.0,0.0,0.0,PDS_spearman_mae_h96_score,-0.0022149766539636766
csi800,pretrained,na,na,clean_k10,0.0,0.0,0.0,PDS_spearman_mae_h96_raw_corr,0.0022149766539636766
csi800,pretrained,na,na,clean_k10,0.0,0.0,0.0,PDS_spearman_mae_h96_ci_low,-0.08435913928087976
csi800,pretrained,na,na,clean_k10,0.0,0.0,0.0,PDS_spearman_mae_h96_ci_high,0.09130252734051332
csi800,pretrained,na,na,clean_k10,0.0,0.0,0.0,PDS_spearman_mae_h96_pvalue,0.9601249680897592
csi800,pretrained,na,na,clean_k10,0.0,0.0,0.0,PDS_spearman_mse_h96_score,-0.0022149766539636766
csi800,pretrained,na,na,clean_k10,0.0,0.0,0.0,PDS_spearman_mse_h96_raw_corr,0.0022149766539636766
csi800,pretrained,na,na,clean_k10,0.0,0.0,0.0,PDS_spearman_mse_h96_ci_low,-0.08435913928087976
csi800,pretrained,na,na,clean_k10,0.0,0.0,0.0,PDS_spearman_mse_h96_ci_high,0.09130252734051332
csi800,pretrained,na,na,clean_k10,0.0,0.0,0.0,PDS_spearman_mse_h96_pvalue,0.9601249680897592
csi800,pretrained,na,na,clean_k20,0.0,0.0,0.0,PDS_spearman_mae_h96_score,-0.00944221641432348
csi800,pretrained,na,na,clean_k20,0.0,0.0,0.0,PDS_spearman_mae_h96_raw_corr,0.00944221641432348
csi800,pretrained,na,na,clean_k20,0.0,0.0,0.0,PDS_spearman_mae_h96_ci_low,-0.10015505955503994
csi800,pretrained,na,na,clean_k20,0.0,0.0,0.0,PDS_spearman_mae_h96_ci_high,0.0747384105614311
csi800,pretrained,na,na,clean_k20,0.0,0.0,0.0,PDS_spearman_mae_h96_pvalue,0.8312212609451202
csi800,pretrained,na,na,clean_k20,0.0,0.0,0.0,PDS_spearman_mse_h96_score,-0.00944221641432348
csi800,pretrained,na,na,clean_k20,0.0,0.0,0.0,PDS_spearman_mse_h96_raw_corr,0.00944221641432348
csi800,pretrained,na,na,clean_k20,0.0,0.0,0.0,PDS_spearman_mse_h96_ci_low,-0.10015505955503994
csi800,pretrained,na,na,clean_k20,0.0,0.0,0.0,PDS_spearman_mse_h96_ci_high,0.0747384105614311
csi800,pretrained,na,na,clean_k20,0.0,0.0,0.0,PDS_spearman_mse_h96_pvalue,0.8312212609451202
csi800,pretrained,na,na,clean_k50,0.0,0.0,0.0,PDS_spearman_mae_h96_score,-0.0134088610510294
csi800,pretrained,na,na,clean_k50,0.0,0.0,0.0,PDS_spearman_mae_h96_raw_corr,0.0134088610510294
csi800,pretrained,na,na,clean_k50,0.0,0.0,0.0,PDS_spearman_mae_h96_ci_low,-0.09140250846713688
csi800,pretrained,na,na,clean_k50,0.0,0.0,0.0,PDS_spearman_mae_h96_ci_high,0.07951000731718938
csi800,pretrained,na,na,clean_k50,0.0,0.0,0.0,PDS_spearman_mae_h96_pvalue,0.7621337994771742
csi800,pretrained,na,na,clean_k50,0.0,0.0,0.0,PDS_spearman_mse_h96_score,-0.0134088610510294
csi800,pretrained,na,na,clean_k50,0.0,0.0,0.0,PDS_spearman_mse_h96_raw_corr,0.0134088610510294
csi800,pretrained,na,na,clean_k50,0.0,0.0,0.0,PDS_spearman_mse_h96_ci_low,-0.09140250846713688
csi800,pretrained,na,na,clean_k50,0.0,0.0,0.0,PDS_spearman_mse_h96_ci_high,0.07951000731718938
csi800,pretrained,na,na,clean_k50,0.0,0.0,0.0,PDS_spearman_mse_h96_pvalue,0.7621337994771742
csi800,pretrained,na,na,clean,0.0,0.0,0.0,FSS_pearson_h96_score,-0.07107785042789365
csi800,pretrained,na,na,clean,0.0,0.0,0.0,FSS_pearson_h96_raw_corr,0.07107785042789365
csi800,pretrained,na,na,clean,0.0,0.0,0.0,FSS_pearson_h96_ci_low,-0.08477287369778312
csi800,pretrained,na,na,clean,0.0,0.0,0.0,FSS_pearson_h96_ci_high,-0.055280910968500116
csi800,pretrained,na,na,clean,0.0,0.0,0.0,FSS_pearson_h96_pvalue,8.84766621174231e-24
csi800,pretrained,na,na,clean_k10,0.0,0.0,0.0,PDS_pearson_mae_h96_score,0.03088881929163797
csi800,pretrained,na,na,clean_k10,0.0,0.0,0.0,PDS_pearson_mae_h96_raw_corr,-0.03088881929163797
csi800,pretrained,na,na,clean_k10,0.0,0.0,0.0,PDS_pearson_mae_h96_ci_low,-0.05621960921760995
csi800,pretrained,na,na,clean_k10,0.0,0.0,0.0,PDS_pearson_mae_h96_ci_high,0.10772578859236263
csi800,pretrained,na,na,clean_k10,0.0,0.0,0.0,PDS_pearson_mae_h96_pvalue,0.48555730992844953
csi800,pretrained,na,na,clean_k10,0.0,0.0,0.0,PDS_pearson_mse_h96_score,0.03773406176326944
csi800,pretrained,na,na,clean_k10,0.0,0.0,0.0,PDS_pearson_mse_h96_raw_corr,-0.03773406176326944
csi800,pretrained,na,na,clean_k10,0.0,0.0,0.0,PDS_pearson_mse_h96_ci_low,-0.03306813654722464
csi800,pretrained,na,na,clean_k10,0.0,0.0,0.0,PDS_pearson_mse_h96_ci_high,0.1014879983291432
csi800,pretrained,na,na,clean_k10,0.0,0.0,0.0,PDS_pearson_mse_h96_pvalue,0.39419136698687685
csi800,pretrained,na,na,clean_k20,0.0,0.0,0.0,PDS_pearson_mae_h96_score,0.030718640604522337
csi800,pretrained,na,na,clean_k20,0.0,0.0,0.0,PDS_pearson_mae_h96_raw_corr,-0.030718640604522337
csi800,pretrained,na,na,clean_k20,0.0,0.0,0.0,PDS_pearson_mae_h96_ci_low,-0.044884525180977845
csi800,pretrained,na,na,clean_k20,0.0,0.0,0.0,PDS_pearson_mae_h96_ci_high,0.1034814125230432
csi800,pretrained,na,na,clean_k20,0.0,0.0,0.0,PDS_pearson_mae_h96_pvalue,0.4879655346869957
csi800,pretrained,na,na,clean_k20,0.0,0.0,0.0,PDS_pearson_mse_h96_score,0.038342767868036406
csi800,pretrained,na,na,clean_k20,0.0,0.0,0.0,PDS_pearson_mse_h96_raw_corr,-0.038342767868036406
csi800,pretrained,na,na,clean_k20,0.0,0.0,0.0,PDS_pearson_mse_h96_ci_low,-0.028819786704089786
csi800,pretrained,na,na,clean_k20,0.0,0.0,0.0,PDS_pearson_mse_h96_ci_high,0.10270109032007994
csi800,pretrained,na,na,clean_k20,0.0,0.0,0.0,PDS_pearson_mse_h96_pvalue,0.38660222963746926
csi800,pretrained,na,na,clean_k50,0.0,0.0,0.0,PDS_pearson_mae_h96_score,0.03576196238469899
csi800,pretrained,na,na,clean_k50,0.0,0.0,0.0,PDS_pearson_mae_h96_raw_corr,-0.03576196238469899
csi800,pretrained,na,na,clean_k50,0.0,0.0,0.0,PDS_pearson_mae_h96_ci_low,-0.03735769108369977
csi800,pretrained,na,na,clean_k50,0.0,0.0,0.0,PDS_pearson_mae_h96_ci_high,0.1090617457751357
csi800,pretrained,na,na,clean_k50,0.0,0.0,0.0,PDS_pearson_mae_h96_pvalue,0.419389221711016
csi800,pretrained,na,na,clean_k50,0.0,0.0,0.0,PDS_pearson_mse_h96_score,0.04460199177401964
csi800,pretrained,na,na,clean_k50,0.0,0.0,0.0,PDS_pearson_mse_h96_raw_corr,-0.04460199177401964
csi800,pretrained,na,na,clean_k50,0.0,0.0,0.0,PDS_pearson_mse_h96_ci_low,-0.013371898553331672
csi800,pretrained,na,na,clean_k50,0.0,0.0,0.0,PDS_pearson_mse_h96_ci_high,0.10643932503621092
csi800,pretrained,na,na,clean_k50,0.0,0.0,0.0,PDS_pearson_mse_h96_pvalue,0.3138086559677641
csi800,pretrained,na,na,clean,0.0,0.0,0.0,FSS_spearman_h192_score,-0.05696647027883621
csi800,pretrained,na,na,clean,0.0,0.0,0.0,FSS_spearman_h192_raw_corr,0.05696647027883621
csi800,pretrained,na,na,clean,0.0,0.0,0.0,FSS_spearman_h192_ci_low,-0.07178679406118996
csi800,pretrained,na,na,clean,0.0,0.0,0.0,FSS_spearman_h192_ci_high,-0.04327289611659969
csi800,pretrained,na,na,clean,0.0,0.0,0.0,FSS_spearman_h192_pvalue,7.839914128066705e-16
csi800,pretrained,na,na,clean_k10,0.0,0.0,0.0,PDS_spearman_mae_h192_score,-0.04786518593859077
csi800,pretrained,na,na,clean_k10,0.0,0.0,0.0,PDS_spearman_mae_h192_raw_corr,0.04786518593859077
csi800,pretrained,na,na,clean_k10,0.0,0.0,0.0,PDS_spearman_mae_h192_ci_low,-0.1327494296535692
csi800,pretrained,na,na,clean_k10,0.0,0.0,0.0,PDS_spearman_mae_h192_ci_high,0.0367866072500946
csi800,pretrained,na,na,clean_k10,0.0,0.0,0.0,PDS_spearman_mae_h192_pvalue,0.27968019097187335
csi800,pretrained,na,na,clean_k10,0.0,0.0,0.0,PDS_spearman_mse_h192_score,-0.04786518593859077
csi800,pretrained,na,na,clean_k10,0.0,0.0,0.0,PDS_spearman_mse_h192_raw_corr,0.04786518593859077
csi800,pretrained,na,na,clean_k10,0.0,0.0,0.0,PDS_spearman_mse_h192_ci_low,-0.1327494296535692
csi800,pretrained,na,na,clean_k10,0.0,0.0,0.0,PDS_spearman_mse_h192_ci_high,0.0367866072500946
csi800,pretrained,na,na,clean_k10,0.0,0.0,0.0,PDS_spearman_mse_h192_pvalue,0.27968019097187335
csi800,pretrained,na,na,clean_k20,0.0,0.0,0.0,PDS_spearman_mae_h192_score,-0.04296074804591387
csi800,pretrained,na,na,clean_k20,0.0,0.0,0.0,PDS_spearman_mae_h192_raw_corr,0.04296074804591387
csi800,pretrained,na,na,clean_k20,0.0,0.0,0.0,PDS_spearman_mae_h192_ci_low,-0.12604578540585895
csi800,pretrained,na,na,clean_k20,0.0,0.0,0.0,PDS_spearman_mae_h192_ci_high,0.033730314695869255
csi800,pretrained,na,na,clean_k20,0.0,0.0,0.0,PDS_spearman_mae_h192_pvalue,0.3319653623320026
csi800,pretrained,na,na,clean_k20,0.0,0.0,0.0,PDS_spearman_mse_h192_score,-0.04296074804591387
csi800,pretrained,na,na,clean_k20,0.0,0.0,0.0,PDS_spearman_mse_h192_raw_corr,0.04296074804591387
csi800,pretrained,na,na,clean_k20,0.0,0.0,0.0,PDS_spearman_mse_h192_ci_low,-0.12604578540585895
csi800,pretrained,na,na,clean_k20,0.0,0.0,0.0,PDS_spearman_mse_h192_ci_high,0.033730314695869255
csi800,pretrained,na,na,clean_k20,0.0,0.0,0.0,PDS_spearman_mse_h192_pvalue,0.3319653623320026
csi800,pretrained,na,na,clean_k50,0.0,0.0,0.0,PDS_spearman_mae_h192_score,-0.03783216603151715
csi800,pretrained,na,na,clean_k50,0.0,0.0,0.0,PDS_spearman_mae_h192_raw_corr,0.03783216603151715
csi800,pretrained,na,na,clean_k50,0.0,0.0,0.0,PDS_spearman_mae_h192_ci_low,-0.1219215033865431
csi800,pretrained,na,na,clean_k50,0.0,0.0,0.0,PDS_spearman_mae_h192_ci_high,0.05083471276468374
csi800,pretrained,na,na,clean_k50,0.0,0.0,0.0,PDS_spearman_mae_h192_pvalue,0.39296219702927837
csi800,pretrained,na,na,clean_k50,0.0,0.0,0.0,PDS_spearman_mse_h192_score,-0.03783216603151715
csi800,pretrained,na,na,clean_k50,0.0,0.0,0.0,PDS_spearman_mse_h192_raw_corr,0.03783216603151715
csi800,pretrained,na,na,clean_k50,0.0,0.0,0.0,PDS_spearman_mse_h192_ci_low,-0.1219215033865431
csi800,pretrained,na,na,clean_k50,0.0,0.0,0.0,PDS_spearman_mse_h192_ci_high,0.05083471276468374
csi800,pretrained,na,na,clean_k50,0.0,0.0,0.0,PDS_spearman_mse_h192_pvalue,0.39296219702927837
csi800,pretrained,na,na,clean,0.0,0.0,0.0,FSS_pearson_h192_score,-0.026801327194908384
csi800,pretrained,na,na,clean,0.0,0.0,0.0,FSS_pearson_h192_raw_corr,0.026801327194908384
csi800,pretrained,na,na,clean,0.0,0.0,0.0,FSS_pearson_h192_ci_low,-0.041599084891518874
csi800,pretrained,na,na,clean,0.0,0.0,0.0,FSS_pearson_h192_ci_high,-0.013657110906808555
csi800,pretrained,na,na,clean,0.0,0.0,0.0,FSS_pearson_h192_pvalue,0.0001518225378141808
csi800,pretrained,na,na,clean_k10,0.0,0.0,0.0,PDS_pearson_mae_h192_score,-0.04994444316148254
csi800,pretrained,na,na,clean_k10,0.0,0.0,0.0,PDS_pearson_mae_h192_raw_corr,0.04994444316148254
csi800,pretrained,na,na,clean_k10,0.0,0.0,0.0,PDS_pearson_mae_h192_ci_low,-0.12723373041636385
csi800,pretrained,na,na,clean_k10,0.0,0.0,0.0,PDS_pearson_mae_h192_ci_high,0.03259384507249209
csi800,pretrained,na,na,clean_k10,0.0,0.0,0.0,PDS_pearson_mae_h192_pvalue,0.25929641035818823
csi800,pretrained,na,na,clean_k10,0.0,0.0,0.0,PDS_pearson_mse_h192_score,-0.02131958396398692
csi800,pretrained,na,na,clean_k10,0.0,0.0,0.0,PDS_pearson_mse_h192_raw_corr,0.02131958396398692
csi800,pretrained,na,na,clean_k10,0.0,0.0,0.0,PDS_pearson_mse_h192_ci_low,-0.09836318802526016
csi800,pretrained,na,na,clean_k10,0.0,0.0,0.0,PDS_pearson_mse_h192_ci_high,0.055455534246711
csi800,pretrained,na,na,clean_k10,0.0,0.0,0.0,PDS_pearson_mse_h192_pvalue,0.6303155593075417
csi800,pretrained,na,na,clean_k20,0.0,0.0,0.0,PDS_pearson_mae_h192_score,-0.048435486788770174
csi800,pretrained,na,na,clean_k20,0.0,0.0,0.0,PDS_pearson_mae_h192_raw_corr,0.048435486788770174
csi800,pretrained,na,na,clean_k20,0.0,0.0,0.0,PDS_pearson_mae_h192_ci_low,-0.13295689576071373
csi800,pretrained,na,na,clean_k20,0.0,0.0,0.0,PDS_pearson_mae_h192_ci_high,0.029782986400621752
csi800,pretrained,na,na,clean_k20,0.0,0.0,0.0,PDS_pearson_mae_h192_pvalue,0.27398420037237087
csi800,pretrained,na,na,clean_k20,0.0,0.0,0.0,PDS_pearson_mse_h192_score,-0.01705427049640252
csi800,pretrained,na,na,clean_k20,0.0,0.0,0.0,PDS_pearson_mse_h192_raw_corr,0.01705427049640252
csi800,pretrained,na,na,clean_k20,0.0,0.0,0.0,PDS_pearson_mse_h192_ci_low,-0.09920276466489103
csi800,pretrained,na,na,clean_k20,0.0,0.0,0.0,PDS_pearson_mse_h192_ci_high,0.05303335748423746
csi800,pretrained,na,na,clean_k20,0.0,0.0,0.0,PDS_pearson_mse_h192_pvalue,0.7002530444790506
csi800,pretrained,na,na,clean_k50,0.0,0.0,0.0,PDS_pearson_mae_h192_score,-0.044981693139730425
csi800,pretrained,na,na,clean_k50,0.0,0.0,0.0,PDS_pearson_mae_h192_raw_corr,0.044981693139730425
csi800,pretrained,na,na,clean_k50,0.0,0.0,0.0,PDS_pearson_mae_h192_ci_low,-0.12343803615681687
csi800,pretrained,na,na,clean_k50,0.0,0.0,0.0,PDS_pearson_mae_h192_ci_high,0.030880383536463874
csi800,pretrained,na,na,clean_k50,0.0,0.0,0.0,PDS_pearson_mae_h192_pvalue,0.3097026973788819
csi800,pretrained,na,na,clean_k50,0.0,0.0,0.0,PDS_pearson_mse_h192_score,-0.009402623807009063
csi800,pretrained,na,na,clean_k50,0.0,0.0,0.0,PDS_pearson_mse_h192_raw_corr,0.009402623807009063
csi800,pretrained,na,na,clean_k50,0.0,0.0,0.0,PDS_pearson_mse_h192_ci_low,-0.08783327503475849
csi800,pretrained,na,na,clean_k50,0.0,0.0,0.0,PDS_pearson_mse_h192_ci_high,0.05993682565279732
csi800,pretrained,na,na,clean_k50,0.0,0.0,0.0,PDS_pearson_mse_h192_pvalue,0.8319184206876242
csi800,pretrained,na,na,clean,0.0,0.0,0.0,FSS_spearman_h336_score,-0.04027023569038986
csi800,pretrained,na,na,clean,0.0,0.0,0.0,FSS_spearman_h336_raw_corr,0.04027023569038986
csi800,pretrained,na,na,clean,0.0,0.0,0.0,FSS_spearman_h336_ci_low,-0.053384159669054715
csi800,pretrained,na,na,clean,0.0,0.0,0.0,FSS_spearman_h336_ci_high,-0.026677202430037593
csi800,pretrained,na,na,clean,0.0,0.0,0.0,FSS_spearman_h336_pvalue,1.254267387414756e-08
csi800,pretrained,na,na,clean_k10,0.0,0.0,0.0,PDS_spearman_mae_h336_score,-0.08234350502397546
csi800,pretrained,na,na,clean_k10,0.0,0.0,0.0,PDS_spearman_mae_h336_raw_corr,0.08234350502397546
csi800,pretrained,na,na,clean_k10,0.0,0.0,0.0,PDS_spearman_mae_h336_ci_low,-0.16806237702725768
csi800,pretrained,na,na,clean_k10,0.0,0.0,0.0,PDS_spearman_mae_h336_ci_high,-0.0026559453182997315
csi800,pretrained,na,na,clean_k10,0.0,0.0,0.0,PDS_spearman_mae_h336_pvalue,0.06262710989966302
csi800,pretrained,na,na,clean_k10,0.0,0.0,0.0,PDS_spearman_mse_h336_score,-0.08234350502397546
csi800,pretrained,na,na,clean_k10,0.0,0.0,0.0,PDS_spearman_mse_h336_raw_corr,0.08234350502397546
csi800,pretrained,na,na,clean_k10,0.0,0.0,0.0,PDS_spearman_mse_h336_ci_low,-0.16806237702725768
csi800,pretrained,na,na,clean_k10,0.0,0.0,0.0,PDS_spearman_mse_h336_ci_high,-0.0026559453182997315
csi800,pretrained,na,na,clean_k10,0.0,0.0,0.0,PDS_spearman_mse_h336_pvalue,0.06262710989966302
csi800,pretrained,na,na,clean_k20,0.0,0.0,0.0,PDS_spearman_mae_h336_score,-0.07544662526750667
csi800,pretrained,na,na,clean_k20,0.0,0.0,0.0,PDS_spearman_mae_h336_raw_corr,0.07544662526750667
csi800,pretrained,na,na,clean_k20,0.0,0.0,0.0,PDS_spearman_mae_h336_ci_low,-0.15939419525512066
csi800,pretrained,na,na,clean_k20,0.0,0.0,0.0,PDS_spearman_mae_h336_ci_high,0.009000017807704555
csi800,pretrained,na,na,clean_k20,0.0,0.0,0.0,PDS_spearman_mae_h336_pvalue,0.08811593082538219
csi800,pretrained,na,na,clean_k20,0.0,0.0,0.0,PDS_spearman_mse_h336_score,-0.07544662526750667
csi800,pretrained,na,na,clean_k20,0.0,0.0,0.0,PDS_spearman_mse_h336_raw_corr,0.07544662526750667
csi800,pretrained,na,na,clean_k20,0.0,0.0,0.0,PDS_spearman_mse_h336_ci_low,-0.15939419525512066
csi800,pretrained,na,na,clean_k20,0.0,0.0,0.0,PDS_spearman_mse_h336_ci_high,0.009000017807704555
csi800,pretrained,na,na,clean_k20,0.0,0.0,0.0,PDS_spearman_mse_h336_pvalue,0.08811593082538219
csi800,pretrained,na,na,clean_k50,0.0,0.0,0.0,PDS_spearman_mae_h336_score,-0.06141915505086918
csi800,pretrained,na,na,clean_k50,0.0,0.0,0.0,PDS_spearman_mae_h336_raw_corr,0.06141915505086918
csi800,pretrained,na,na,clean_k50,0.0,0.0,0.0,PDS_spearman_mae_h336_ci_low,-0.15385036529496765
csi800,pretrained,na,na,clean_k50,0.0,0.0,0.0,PDS_spearman_mae_h336_ci_high,0.025436750777271935
csi800,pretrained,na,na,clean_k50,0.0,0.0,0.0,PDS_spearman_mae_h336_pvalue,0.1652374356472498
csi800,pretrained,na,na,clean_k50,0.0,0.0,0.0,PDS_spearman_mse_h336_score,-0.06141915505086918
csi800,pretrained,na,na,clean_k50,0.0,0.0,0.0,PDS_spearman_mse_h336_raw_corr,0.06141915505086918
csi800,pretrained,na,na,clean_k50,0.0,0.0,0.0,PDS_spearman_mse_h336_ci_low,-0.15385036529496765
csi800,pretrained,na,na,clean_k50,0.0,0.0,0.0,PDS_spearman_mse_h336_ci_high,0.025436750777271935
csi800,pretrained,na,na,clean_k50,0.0,0.0,0.0,PDS_spearman_mse_h336_pvalue,0.1652374356472498
csi800,pretrained,na,na,clean,0.0,0.0,0.0,FSS_pearson_h336_score,-0.022459187686974424
csi800,pretrained,na,na,clean,0.0,0.0,0.0,FSS_pearson_h336_raw_corr,0.022459187686974424
csi800,pretrained,na,na,clean,0.0,0.0,0.0,FSS_pearson_h336_ci_low,-0.03512123778249461
csi800,pretrained,na,na,clean,0.0,0.0,0.0,FSS_pearson_h336_ci_high,-0.010047029619409367
csi800,pretrained,na,na,clean,0.0,0.0,0.0,FSS_pearson_h336_pvalue,0.001505042700876359
csi800,pretrained,na,na,clean_k10,0.0,0.0,0.0,PDS_pearson_mae_h336_score,-0.0582590934609452
csi800,pretrained,na,na,clean_k10,0.0,0.0,0.0,PDS_pearson_mae_h336_raw_corr,0.0582590934609452
csi800,pretrained,na,na,clean_k10,0.0,0.0,0.0,PDS_pearson_mae_h336_ci_low,-0.14854620056350407
csi800,pretrained,na,na,clean_k10,0.0,0.0,0.0,PDS_pearson_mae_h336_ci_high,0.017891290315765675
csi800,pretrained,na,na,clean_k10,0.0,0.0,0.0,PDS_pearson_mae_h336_pvalue,0.1881240802668488
csi800,pretrained,na,na,clean_k10,0.0,0.0,0.0,PDS_pearson_mse_h336_score,-0.02692768471317777
csi800,pretrained,na,na,clean_k10,0.0,0.0,0.0,PDS_pearson_mse_h336_raw_corr,0.02692768471317777
csi800,pretrained,na,na,clean_k10,0.0,0.0,0.0,PDS_pearson_mse_h336_ci_low,-0.13333572254977516
csi800,pretrained,na,na,clean_k10,0.0,0.0,0.0,PDS_pearson_mse_h336_ci_high,0.02991289914549316
csi800,pretrained,na,na,clean_k10,0.0,0.0,0.0,PDS_pearson_mse_h336_pvalue,0.5432372434376141
csi800,pretrained,na,na,clean_k20,0.0,0.0,0.0,PDS_pearson_mae_h336_score,-0.049666515032588475
csi800,pretrained,na,na,clean_k20,0.0,0.0,0.0,PDS_pearson_mae_h336_raw_corr,0.049666515032588475
csi800,pretrained,na,na,clean_k20,0.0,0.0,0.0,PDS_pearson_mae_h336_ci_low,-0.13783501729400743
csi800,pretrained,na,na,clean_k20,0.0,0.0,0.0,PDS_pearson_mae_h336_ci_high,0.02824628476546915
csi800,pretrained,na,na,clean_k20,0.0,0.0,0.0,PDS_pearson_mae_h336_pvalue,0.2619600140182729
csi800,pretrained,na,na,clean_k20,0.0,0.0,0.0,PDS_pearson_mse_h336_score,-0.021712501946558844
csi800,pretrained,na,na,clean_k20,0.0,0.0,0.0,PDS_pearson_mse_h336_raw_corr,0.021712501946558844
csi800,pretrained,na,na,clean_k20,0.0,0.0,0.0,PDS_pearson_mse_h336_ci_low,-0.12043231732688428
csi800,pretrained,na,na,clean_k20,0.0,0.0,0.0,PDS_pearson_mse_h336_ci_high,0.02896531622792267
csi800,pretrained,na,na,clean_k20,0.0,0.0,0.0,PDS_pearson_mse_h336_pvalue,0.624024352497978
csi800,pretrained,na,na,clean_k50,0.0,0.0,0.0,PDS_pearson_mae_h336_score,-0.03910482384934542
csi800,pretrained,na,na,clean_k50,0.0,0.0,0.0,PDS_pearson_mae_h336_raw_corr,0.03910482384934542
csi800,pretrained,na,na,clean_k50,0.0,0.0,0.0,PDS_pearson_mae_h336_ci_low,-0.11938332417997483
csi800,pretrained,na,na,clean_k50,0.0,0.0,0.0,PDS_pearson_mae_h336_ci_high,0.03342572838757355
csi800,pretrained,na,na,clean_k50,0.0,0.0,0.0,PDS_pearson_mae_h336_pvalue,0.37722749261609523
csi800,pretrained,na,na,clean_k50,0.0,0.0,0.0,PDS_pearson_mse_h336_score,-0.014847432098802162
csi800,pretrained,na,na,clean_k50,0.0,0.0,0.0,PDS_pearson_mse_h336_raw_corr,0.014847432098802162
csi800,pretrained,na,na,clean_k50,0.0,0.0,0.0,PDS_pearson_mse_h336_ci_low,-0.0967738440503007
csi800,pretrained,na,na,clean_k50,0.0,0.0,0.0,PDS_pearson_mse_h336_ci_high,0.034371615067417614
csi800,pretrained,na,na,clean_k50,0.0,0.0,0.0,PDS_pearson_mse_h336_pvalue,0.7375071267931199
csi800,pretrained,na,na,clean,0.0,0.0,0.0,FSS_spearman_h720_score,-0.04137409723358193
csi800,pretrained,na,na,clean,0.0,0.0,0.0,FSS_spearman_h720_raw_corr,0.04137409723358193
csi800,pretrained,na,na,clean,0.0,0.0,0.0,FSS_spearman_h720_ci_low,-0.05562756639647054
csi800,pretrained,na,na,clean,0.0,0.0,0.0,FSS_spearman_h720_ci_high,-0.02824867944843041
csi800,pretrained,na,na,clean,0.0,0.0,0.0,FSS_spearman_h720_pvalue,4.964927913612522e-09
csi800,pretrained,na,na,clean_k10,0.0,0.0,0.0,PDS_spearman_mae_h720_score,0.018781703831496552
csi800,pretrained,na,na,clean_k10,0.0,0.0,0.0,PDS_spearman_mae_h720_raw_corr,-0.018781703831496552
csi800,pretrained,na,na,clean_k10,0.0,0.0,0.0,PDS_spearman_mae_h720_ci_low,-0.06078847890949379
csi800,pretrained,na,na,clean_k10,0.0,0.0,0.0,PDS_spearman_mae_h720_ci_high,0.09982842469370833
csi800,pretrained,na,na,clean_k10,0.0,0.0,0.0,PDS_spearman_mae_h720_pvalue,0.6715803083725383
csi800,pretrained,na,na,clean_k10,0.0,0.0,0.0,PDS_spearman_mse_h720_score,0.018781703831496552
csi800,pretrained,na,na,clean_k10,0.0,0.0,0.0,PDS_spearman_mse_h720_raw_corr,-0.018781703831496552
csi800,pretrained,na,na,clean_k10,0.0,0.0,0.0,PDS_spearman_mse_h720_ci_low,-0.06078847890949379
csi800,pretrained,na,na,clean_k10,0.0,0.0,0.0,PDS_spearman_mse_h720_ci_high,0.09982842469370833
csi800,pretrained,na,na,clean_k10,0.0,0.0,0.0,PDS_spearman_mse_h720_pvalue,0.6715803083725383
csi800,pretrained,na,na,clean_k20,0.0,0.0,0.0,PDS_spearman_mae_h720_score,0.014068150541879812
csi800,pretrained,na,na,clean_k20,0.0,0.0,0.0,PDS_spearman_mae_h720_raw_corr,-0.014068150541879812
csi800,pretrained,na,na,clean_k20,0.0,0.0,0.0,PDS_spearman_mae_h720_ci_low,-0.0759973644681822
csi800,pretrained,na,na,clean_k20,0.0,0.0,0.0,PDS_spearman_mae_h720_ci_high,0.09547819974654133
csi800,pretrained,na,na,clean_k20,0.0,0.0,0.0,PDS_spearman_mae_h720_pvalue,0.7508159985216125
csi800,pretrained,na,na,clean_k20,0.0,0.0,0.0,PDS_spearman_mse_h720_score,0.014068150541879812
csi800,pretrained,na,na,clean_k20,0.0,0.0,0.0,PDS_spearman_mse_h720_raw_corr,-0.014068150541879812
csi800,pretrained,na,na,clean_k20,0.0,0.0,0.0,PDS_spearman_mse_h720_ci_low,-0.0759973644681822
csi800,pretrained,na,na,clean_k20,0.0,0.0,0.0,PDS_spearman_mse_h720_ci_high,0.09547819974654133
csi800,pretrained,na,na,clean_k20,0.0,0.0,0.0,PDS_spearman_mse_h720_pvalue,0.7508159985216125
csi800,pretrained,na,na,clean_k50,0.0,0.0,0.0,PDS_spearman_mae_h720_score,0.01358311589475973
csi800,pretrained,na,na,clean_k50,0.0,0.0,0.0,PDS_spearman_mae_h720_raw_corr,-0.01358311589475973
csi800,pretrained,na,na,clean_k50,0.0,0.0,0.0,PDS_spearman_mae_h720_ci_low,-0.06518738847229238
csi800,pretrained,na,na,clean_k50,0.0,0.0,0.0,PDS_spearman_mae_h720_ci_high,0.0993859291451035
csi800,pretrained,na,na,clean_k50,0.0,0.0,0.0,PDS_spearman_mae_h720_pvalue,0.7591373784310033
csi800,pretrained,na,na,clean_k50,0.0,0.0,0.0,PDS_spearman_mse_h720_score,0.01358311589475973
csi800,pretrained,na,na,clean_k50,0.0,0.0,0.0,PDS_spearman_mse_h720_raw_corr,-0.01358311589475973
csi800,pretrained,na,na,clean_k50,0.0,0.0,0.0,PDS_spearman_mse_h720_ci_low,-0.06518738847229238
csi800,pretrained,na,na,clean_k50,0.0,0.0,0.0,PDS_spearman_mse_h720_ci_high,0.0993859291451035
csi800,pretrained,na,na,clean_k50,0.0,0.0,0.0,PDS_spearman_mse_h720_pvalue,0.7591373784310033
csi800,pretrained,na,na,clean,0.0,0.0,0.0,FSS_pearson_h720_score,-0.01944895164487357
csi800,pretrained,na,na,clean,0.0,0.0,0.0,FSS_pearson_h720_raw_corr,0.01944895164487357
csi800,pretrained,na,na,clean,0.0,0.0,0.0,FSS_pearson_h720_ci_low,-0.03180022597426113
csi800,pretrained,na,na,clean,0.0,0.0,0.0,FSS_pearson_h720_ci_high,-0.007698953876848784
csi800,pretrained,na,na,clean,0.0,0.0,0.0,FSS_pearson_h720_pvalue,0.005991502569673204
csi800,pretrained,na,na,clean_k10,0.0,0.0,0.0,PDS_pearson_mae_h720_score,0.005012597934796737
csi800,pretrained,na,na,clean_k10,0.0,0.0,0.0,PDS_pearson_mae_h720_raw_corr,-0.005012597934796737
csi800,pretrained,na,na,clean_k10,0.0,0.0,0.0,PDS_pearson_mae_h720_ci_low,-0.07415942234359481
csi800,pretrained,na,na,clean_k10,0.0,0.0,0.0,PDS_pearson_mae_h720_ci_high,0.07649261353571804
csi800,pretrained,na,na,clean_k10,0.0,0.0,0.0,PDS_pearson_mae_h720_pvalue,0.9099150970131046
csi800,pretrained,na,na,clean_k10,0.0,0.0,0.0,PDS_pearson_mse_h720_score,0.010729751282188062
csi800,pretrained,na,na,clean_k10,0.0,0.0,0.0,PDS_pearson_mse_h720_raw_corr,-0.010729751282188062
csi800,pretrained,na,na,clean_k10,0.0,0.0,0.0,PDS_pearson_mse_h720_ci_low,-0.06592961554181302
csi800,pretrained,na,na,clean_k10,0.0,0.0,0.0,PDS_pearson_mse_h720_ci_high,0.06626077946370816
csi800,pretrained,na,na,clean_k10,0.0,0.0,0.0,PDS_pearson_mse_h720_pvalue,0.8086251010938275
csi800,pretrained,na,na,clean_k20,0.0,0.0,0.0,PDS_pearson_mae_h720_score,-0.004130261984224622
csi800,pretrained,na,na,clean_k20,0.0,0.0,0.0,PDS_pearson_mae_h720_raw_corr,0.004130261984224622
csi800,pretrained,na,na,clean_k20,0.0,0.0,0.0,PDS_pearson_mae_h720_ci_low,-0.08882066110738886
csi800,pretrained,na,na,clean_k20,0.0,0.0,0.0,PDS_pearson_mae_h720_ci_high,0.06885726163977147
csi800,pretrained,na,na,clean_k20,0.0,0.0,0.0,PDS_pearson_mae_h720_pvalue,0.9257215294016757
csi800,pretrained,na,na,clean_k20,0.0,0.0,0.0,PDS_pearson_mse_h720_score,0.003668462694550907
csi800,pretrained,na,na,clean_k20,0.0,0.0,0.0,PDS_pearson_mse_h720_raw_corr,-0.003668462694550907
csi800,pretrained,na,na,clean_k20,0.0,0.0,0.0,PDS_pearson_mse_h720_ci_low,-0.0813369209359679
csi800,pretrained,na,na,clean_k20,0.0,0.0,0.0,PDS_pearson_mse_h720_ci_high,0.05461118435384293
csi800,pretrained,na,na,clean_k20,0.0,0.0,0.0,PDS_pearson_mse_h720_pvalue,0.93400641057828
csi800,pretrained,na,na,clean_k50,0.0,0.0,0.0,PDS_pearson_mae_h720_score,-0.010129478651881314
csi800,pretrained,na,na,clean_k50,0.0,0.0,0.0,PDS_pearson_mae_h720_raw_corr,0.010129478651881314
csi800,pretrained,na,na,clean_k50,0.0,0.0,0.0,PDS_pearson_mae_h720_ci_low,-0.09051538250182396
csi800,pretrained,na,na,clean_k50,0.0,0.0,0.0,PDS_pearson_mae_h720_ci_high,0.06766252131919605
csi800,pretrained,na,na,clean_k50,0.0,0.0,0.0,PDS_pearson_mae_h720_pvalue,0.8191412749165718
csi800,pretrained,na,na,clean_k50,0.0,0.0,0.0,PDS_pearson_mse_h720_score,0.002457000723888419
csi800,pretrained,na,na,clean_k50,0.0,0.0,0.0,PDS_pearson_mse_h720_raw_corr,-0.002457000723888419
csi800,pretrained,na,na,clean_k50,0.0,0.0,0.0,PDS_pearson_mse_h720_ci_low,-0.0803312492404487
csi800,pretrained,na,na,clean_k50,0.0,0.0,0.0,PDS_pearson_mse_h720_ci_high,0.05308032181982549
csi800,pretrained,na,na,clean_k50,0.0,0.0,0.0,PDS_pearson_mse_h720_pvalue,0.9557721719001487
csi800,pretrained,na,na,clean,0.0,0.0,0.0,FSS_spearman_havg_score,-0.0378386310806923
csi800,pretrained,na,na,clean,0.0,0.0,0.0,FSS_spearman_havg_raw_corr,0.0378386310806923
csi800,pretrained,na,na,clean,0.0,0.0,0.0,FSS_spearman_havg_ci_low,-0.05130337871762042
csi800,pretrained,na,na,clean,0.0,0.0,0.0,FSS_spearman_havg_ci_high,-0.024368457501238575
csi800,pretrained,na,na,clean,0.0,0.0,0.0,FSS_spearman_havg_pvalue,8.882321797853109e-08
csi800,pretrained,na,na,clean_k10,0.0,0.0,0.0,PDS_spearman_mae_havg_score,-0.10845052843295454
csi800,pretrained,na,na,clean_k10,0.0,0.0,0.0,PDS_spearman_mae_havg_raw_corr,0.10845052843295454
csi800,pretrained,na,na,clean_k10,0.0,0.0,0.0,PDS_spearman_mae_havg_ci_low,-0.1921085189262022
csi800,pretrained,na,na,clean_k10,0.0,0.0,0.0,PDS_spearman_mae_havg_ci_high,-0.019894760289876204
csi800,pretrained,na,na,clean_k10,0.0,0.0,0.0,PDS_spearman_mae_havg_pvalue,0.014080512028264328
csi800,pretrained,na,na,clean_k10,0.0,0.0,0.0,PDS_spearman_mse_havg_score,-0.0968078193485998
csi800,pretrained,na,na,clean_k10,0.0,0.0,0.0,PDS_spearman_mse_havg_raw_corr,0.0968078193485998
csi800,pretrained,na,na,clean_k10,0.0,0.0,0.0,PDS_spearman_mse_havg_ci_low,-0.1794103544976122
csi800,pretrained,na,na,clean_k10,0.0,0.0,0.0,PDS_spearman_mse_havg_ci_high,-0.01102191957655358
csi800,pretrained,na,na,clean_k10,0.0,0.0,0.0,PDS_spearman_mse_havg_pvalue,0.028502223175001295
csi800,pretrained,na,na,clean_k20,0.0,0.0,0.0,PDS_spearman_mae_havg_score,-0.09934546697794715
csi800,pretrained,na,na,clean_k20,0.0,0.0,0.0,PDS_spearman_mae_havg_raw_corr,0.09934546697794715
csi800,pretrained,na,na,clean_k20,0.0,0.0,0.0,PDS_spearman_mae_havg_ci_low,-0.1876031391888647
csi800,pretrained,na,na,clean_k20,0.0,0.0,0.0,PDS_spearman_mae_havg_ci_high,-0.019391010542981618
csi800,pretrained,na,na,clean_k20,0.0,0.0,0.0,PDS_spearman_mae_havg_pvalue,0.024576148294855868
csi800,pretrained,na,na,clean_k20,0.0,0.0,0.0,PDS_spearman_mse_havg_score,-0.09200575282384042
csi800,pretrained,na,na,clean_k20,0.0,0.0,0.0,PDS_spearman_mse_havg_raw_corr,0.09200575282384042
csi800,pretrained,na,na,clean_k20,0.0,0.0,0.0,PDS_spearman_mse_havg_ci_low,-0.17962100025403333
csi800,pretrained,na,na,clean_k20,0.0,0.0,0.0,PDS_spearman_mse_havg_ci_high,-0.01326976722683321
csi800,pretrained,na,na,clean_k20,0.0,0.0,0.0,PDS_spearman_mse_havg_pvalue,0.03741742051485471
csi800,pretrained,na,na,clean_k50,0.0,0.0,0.0,PDS_spearman_mae_havg_score,-0.08069966225495244
csi800,pretrained,na,na,clean_k50,0.0,0.0,0.0,PDS_spearman_mae_havg_raw_corr,0.08069966225495244
csi800,pretrained,na,na,clean_k50,0.0,0.0,0.0,PDS_spearman_mae_havg_ci_low,-0.16483890714329905
csi800,pretrained,na,na,clean_k50,0.0,0.0,0.0,PDS_spearman_mae_havg_ci_high,0.008500184862154939
csi800,pretrained,na,na,clean_k50,0.0,0.0,0.0,PDS_spearman_mae_havg_pvalue,0.068070698331924
csi800,pretrained,na,na,clean_k50,0.0,0.0,0.0,PDS_spearman_mse_havg_score,-0.07754492538423684
csi800,pretrained,na,na,clean_k50,0.0,0.0,0.0,PDS_spearman_mse_havg_raw_corr,0.07754492538423684
csi800,pretrained,na,na,clean_k50,0.0,0.0,0.0,PDS_spearman_mse_havg_ci_low,-0.15752845965472495
csi800,pretrained,na,na,clean_k50,0.0,0.0,0.0,PDS_spearman_mse_havg_ci_high,0.01552071030422663
csi800,pretrained,na,na,clean_k50,0.0,0.0,0.0,PDS_spearman_mse_havg_pvalue,0.07960319155237595
csi800,pretrained,na,na,clean,0.0,0.0,0.0,FSS_pearson_havg_score,-0.011950959652562314
csi800,pretrained,na,na,clean,0.0,0.0,0.0,FSS_pearson_havg_raw_corr,0.011950959652562314
csi800,pretrained,na,na,clean,0.0,0.0,0.0,FSS_pearson_havg_ci_low,-0.024349999968898
csi800,pretrained,na,na,clean,0.0,0.0,0.0,FSS_pearson_havg_ci_high,-0.0003424726202123164
csi800,pretrained,na,na,clean,0.0,0.0,0.0,FSS_pearson_havg_pvalue,0.09128876992287135
csi800,pretrained,na,na,clean_k10,0.0,0.0,0.0,PDS_pearson_mae_havg_score,-0.0721191643476877
csi800,pretrained,na,na,clean_k10,0.0,0.0,0.0,PDS_pearson_mae_havg_raw_corr,0.0721191643476877
csi800,pretrained,na,na,clean_k10,0.0,0.0,0.0,PDS_pearson_mae_havg_ci_low,-0.15998081529179856
csi800,pretrained,na,na,clean_k10,0.0,0.0,0.0,PDS_pearson_mae_havg_ci_high,0.01656525223230869
csi800,pretrained,na,na,clean_k10,0.0,0.0,0.0,PDS_pearson_mae_havg_pvalue,0.1031004572641435
csi800,pretrained,na,na,clean_k10,0.0,0.0,0.0,PDS_pearson_mse_havg_score,-0.05842398756570574
csi800,pretrained,na,na,clean_k10,0.0,0.0,0.0,PDS_pearson_mse_havg_raw_corr,0.05842398756570574
csi800,pretrained,na,na,clean_k10,0.0,0.0,0.0,PDS_pearson_mse_havg_ci_low,-0.1451846769839236
csi800,pretrained,na,na,clean_k10,0.0,0.0,0.0,PDS_pearson_mse_havg_ci_high,0.034220556572741846
csi800,pretrained,na,na,clean_k10,0.0,0.0,0.0,PDS_pearson_mse_havg_pvalue,0.18687494820344427
csi800,pretrained,na,na,clean_k20,0.0,0.0,0.0,PDS_pearson_mae_havg_score,-0.058763408083589916
csi800,pretrained,na,na,clean_k20,0.0,0.0,0.0,PDS_pearson_mae_havg_raw_corr,0.058763408083589916
csi800,pretrained,na,na,clean_k20,0.0,0.0,0.0,PDS_pearson_mae_havg_ci_low,-0.15301417650342516
csi800,pretrained,na,na,clean_k20,0.0,0.0,0.0,PDS_pearson_mae_havg_ci_high,0.02326083799482175
csi800,pretrained,na,na,clean_k20,0.0,0.0,0.0,PDS_pearson_mae_havg_pvalue,0.18432296309245605
csi800,pretrained,na,na,clean_k20,0.0,0.0,0.0,PDS_pearson_mse_havg_score,-0.04520856350454161
csi800,pretrained,na,na,clean_k20,0.0,0.0,0.0,PDS_pearson_mse_havg_raw_corr,0.04520856350454161
csi800,pretrained,na,na,clean_k20,0.0,0.0,0.0,PDS_pearson_mse_havg_ci_low,-0.13996101481119114
csi800,pretrained,na,na,clean_k20,0.0,0.0,0.0,PDS_pearson_mse_havg_ci_high,0.04327320060558497
csi800,pretrained,na,na,clean_k20,0.0,0.0,0.0,PDS_pearson_mse_havg_pvalue,0.3072663632544397
csi800,pretrained,na,na,clean_k50,0.0,0.0,0.0,PDS_pearson_mae_havg_score,-0.04000843388446152
csi800,pretrained,na,na,clean_k50,0.0,0.0,0.0,PDS_pearson_mae_havg_raw_corr,0.04000843388446152
csi800,pretrained,na,na,clean_k50,0.0,0.0,0.0,PDS_pearson_mae_havg_ci_low,-0.1269908265055854
csi800,pretrained,na,na,clean_k50,0.0,0.0,0.0,PDS_pearson_mae_havg_ci_high,0.042581490624613916
csi800,pretrained,na,na,clean_k50,0.0,0.0,0.0,PDS_pearson_mae_havg_pvalue,0.36629421702743914
csi800,pretrained,na,na,clean_k50,0.0,0.0,0.0,PDS_pearson_mse_havg_score,-0.026042450186425342
csi800,pretrained,na,na,clean_k50,0.0,0.0,0.0,PDS_pearson_mse_havg_raw_corr,0.026042450186425342
csi800,pretrained,na,na,clean_k50,0.0,0.0,0.0,PDS_pearson_mse_havg_ci_low,-0.10842096754233017
csi800,pretrained,na,na,clean_k50,0.0,0.0,0.0,PDS_pearson_mse_havg_ci_high,0.059946948882115644
csi800,pretrained,na,na,clean_k50,0.0,0.0,0.0,PDS_pearson_mse_havg_pvalue,0.5565773815114685
csi800,pretrained,na,na,clean,0.0,0.0,0.0,LLS_k10,0.28693977005394283
csi800,pretrained,na,na,clean,0.0,0.0,0.0,LLS_k20,0.22207560802916865
csi800,pretrained,na,na,clean,0.0,0.0,0.0,LLS_k50,0.18939186442639927
csi800,pretrained,na,na,clean,0.0,0.0,0.0,LLS_avgk,0.2328024141698369
csi800,pretrained,na,q0.95,clean,0.0,0.0,0.0,MCS_k10,0.9902912621359223
csi800,pretrained,na,q0.95,clean,0.0,0.0,0.0,MCS_k20,0.9902912621359223
csi800,pretrained,na,q0.95,clean,0.0,0.0,0.0,MCS_k50,0.9902912621359223
csi800,pretrained,na,na,clean,0.0,0.0,0.0,CSS_seasonality_bal_acc,0.6510180995475113
csi800,pretrained,na,na,clean,0.0,0.0,0.0,CSS_seasonality_margin,0.6853827692493831
csi800,pretrained,na,na,clean,0.0,0.0,0.0,CSS_seasonality_pvalue,0.047619047619047616
csi800,pretrained,na,na,clean,0.0,0.0,0.0,CSS_trend_bal_acc,0.5441176470588236
csi800,pretrained,na,na,clean,0.0,0.0,0.0,CSS_trend_margin,0.6360055453692642
csi800,pretrained,na,na,clean,0.0,0.0,0.0,CSS_trend_pvalue,0.2857142857142857
csi800,pretrained,na,na,clean,0.0,0.0,0.0,CSS_volatility_bal_acc,0.6018099547511313
csi800,pretrained,na,na,clean,0.0,0.0,0.0,CSS_volatility_margin,0.6570902295405714
csi800,pretrained,na,na,clean,0.0,0.0,0.0,CSS_volatility_pvalue,0.047619047619047616
csi800,pretrained,na,na,clean,0.0,0.0,0.0,TCS_scale,1.0
csi800,pretrained,na,na,clean,0.0,0.0,0.0,TCS_shift,1.0
csi800,pretrained,na,na,clean,0.0,0.0,0.0,TCS_resample,0.9968142509460449
csi800,pretrained,na,na,clean,0.0,0.0,0.0,TCS_avg,0.9989380836486816
csi800,random-reset,stl,p24_k8,n0.02_m0.05_w2,0.02,0.05,2.0,LCS_clean,-0.025708690285682678
csi800,random-reset,stl,p24_k8,n0.02_m0.05_w2,0.02,0.05,2.0,LCS_noise,-0.0255277082324028
csi800,random-reset,stl,p24_k8,n0.02_m0.05_w2,0.02,0.05,2.0,LCS_mask,-0.02567005529999733
csi800,random-reset,stl,p24_k8,n0.02_m0.05_w2,0.02,0.05,2.0,LCS_warp,-0.02566557005047798
csi800,random-reset,stl,p24_k8,n0.02_m0.05_w2,0.02,0.05,2.0,TSI_noise,0.9999964833259583
csi800,random-reset,stl,p24_k8,n0.02_m0.05_w2,0.02,0.05,2.0,TSI_mask,0.9999902248382568
csi800,random-reset,stl,p24_k8,n0.02_m0.05_w2,0.02,0.05,2.0,TSI_warp,0.9995198249816895
csi800,random-reset,stl,p24_k8,n0.02_m0.05_w2,0.02,0.05,2.0,GSP_noise,-0.0001809820532798767
csi800,random-reset,stl,p24_k8,n0.02_m0.05_w2,0.02,0.05,2.0,GSP_mask,-3.863498568534851e-05
csi800,random-reset,stl,p24_k8,n0.02_m0.05_w2,0.02,0.05,2.0,GSP_warp,-4.3120235204696655e-05
csi800,random-reset,na,na,clean,0.0,0.0,0.0,LTC_step,3.823554754257202
csi800,random-reset,na,na,clean,0.0,0.0,0.0,LTC_dir,-0.5123491883277893
csi800,random-reset,na,na,clean,0.0,0.0,0.0,FSS_spearman_h96_score,0.00019376428359088526
csi800,random-reset,na,na,clean,0.0,0.0,0.0,FSS_spearman_h96_raw_corr,-0.00019376428359088526
csi800,random-reset,na,na,clean,0.0,0.0,0.0,FSS_spearman_h96_ci_low,-0.013220681775362753
csi800,random-reset,na,na,clean,0.0,0.0,0.0,FSS_spearman_h96_ci_high,0.014082610394673118
csi800,random-reset,na,na,clean,0.0,0.0,0.0,FSS_spearman_h96_pvalue,0.9781625587122107
csi800,random-reset,na,na,clean_k10,0.0,0.0,0.0,PDS_spearman_mae_h96_score,0.0969105483457502
csi800,random-reset,na,na,clean_k10,0.0,0.0,0.0,PDS_spearman_mae_h96_raw_corr,-0.0969105483457502
csi800,random-reset,na,na,clean_k10,0.0,0.0,0.0,PDS_spearman_mae_h96_ci_low,0.011765048276479282
csi800,random-reset,na,na,clean_k10,0.0,0.0,0.0,PDS_spearman_mae_h96_ci_high,0.18731970606349527
csi800,random-reset,na,na,clean_k10,0.0,0.0,0.0,PDS_spearman_mae_h96_pvalue,0.028333405644018775
csi800,random-reset,na,na,clean_k10,0.0,0.0,0.0,PDS_spearman_mse_h96_score,0.0969105483457502
csi800,random-reset,na,na,clean_k10,0.0,0.0,0.0,PDS_spearman_mse_h96_raw_corr,-0.0969105483457502
csi800,random-reset,na,na,clean_k10,0.0,0.0,0.0,PDS_spearman_mse_h96_ci_low,0.011765048276479282
csi800,random-reset,na,na,clean_k10,0.0,0.0,0.0,PDS_spearman_mse_h96_ci_high,0.18731970606349527
csi800,random-reset,na,na,clean_k10,0.0,0.0,0.0,PDS_spearman_mse_h96_pvalue,0.028333405644018775
csi800,random-reset,na,na,clean_k20,0.0,0.0,0.0,PDS_spearman_mae_h96_score,0.09274264785823004
csi800,random-reset,na,na,clean_k20,0.0,0.0,0.0,PDS_spearman_mae_h96_raw_corr,-0.09274264785823004
csi800,random-reset,na,na,clean_k20,0.0,0.0,0.0,PDS_spearman_mae_h96_ci_low,0.010335782585471891
csi800,random-reset,na,na,clean_k20,0.0,0.0,0.0,PDS_spearman_mae_h96_ci_high,0.1792147262013631
csi800,random-reset,na,na,clean_k20,0.0,0.0,0.0,PDS_spearman_mae_h96_pvalue,0.03591214999514397
csi800,random-reset,na,na,clean_k20,0.0,0.0,0.0,PDS_spearman_mse_h96_score,0.09274264785823004
csi800,random-reset,na,na,clean_k20,0.0,0.0,0.0,PDS_spearman_mse_h96_raw_corr,-0.09274264785823004
csi800,random-reset,na,na,clean_k20,0.0,0.0,0.0,PDS_spearman_mse_h96_ci_low,0.010335782585471891
csi800,random-reset,na,na,clean_k20,0.0,0.0,0.0,PDS_spearman_mse_h96_ci_high,0.1792147262013631
csi800,random-reset,na,na,clean_k20,0.0,0.0,0.0,PDS_spearman_mse_h96_pvalue,0.03591214999514397
csi800,random-reset,na,na,clean_k50,0.0,0.0,0.0,PDS_spearman_mae_h96_score,0.081367356032776
csi800,random-reset,na,na,clean_k50,0.0,0.0,0.0,PDS_spearman_mae_h96_raw_corr,-0.081367356032776
csi800,random-reset,na,na,clean_k50,0.0,0.0,0.0,PDS_spearman_mae_h96_ci_low,-0.0005246439621660293
csi800,random-reset,na,na,clean_k50,0.0,0.0,0.0,PDS_spearman_mae_h96_ci_high,0.16190820836771647
csi800,random-reset,na,na,clean_k50,0.0,0.0,0.0,PDS_spearman_mae_h96_pvalue,0.06581457666613479
csi800,random-reset,na,na,clean_k50,0.0,0.0,0.0,PDS_spearman_mse_h96_score,0.081367356032776
csi800,random-reset,na,na,clean_k50,0.0,0.0,0.0,PDS_spearman_mse_h96_raw_corr,-0.081367356032776
csi800,random-reset,na,na,clean_k50,0.0,0.0,0.0,PDS_spearman_mse_h96_ci_low,-0.0005246439621660293
csi800,random-reset,na,na,clean_k50,0.0,0.0,0.0,PDS_spearman_mse_h96_ci_high,0.16190820836771647
csi800,random-reset,na,na,clean_k50,0.0,0.0,0.0,PDS_spearman_mse_h96_pvalue,0.06581457666613479
csi800,random-reset,na,na,clean,0.0,0.0,0.0,FSS_pearson_h96_score,0.002092404553196526
csi800,random-reset,na,na,clean,0.0,0.0,0.0,FSS_pearson_h96_raw_corr,-0.002092404553196526
csi800,random-reset,na,na,clean,0.0,0.0,0.0,FSS_pearson_h96_ci_low,-0.011838236130379669
csi800,random-reset,na,na,clean,0.0,0.0,0.0,FSS_pearson_h96_ci_high,0.015238412879935893
csi800,random-reset,na,na,clean,0.0,0.0,0.0,FSS_pearson_h96_pvalue,0.7675439482602887
csi800,random-reset,na,na,clean_k10,0.0,0.0,0.0,PDS_pearson_mae_h96_score,0.12117036127570643
csi800,random-reset,na,na,clean_k10,0.0,0.0,0.0,PDS_pearson_mae_h96_raw_corr,-0.12117036127570643
csi800,random-reset,na,na,clean_k10,0.0,0.0,0.0,PDS_pearson_mae_h96_ci_low,0.047336604065108666
csi800,random-reset,na,na,clean_k10,0.0,0.0,0.0,PDS_pearson_mae_h96_ci_high,0.2006738918162391
csi800,random-reset,na,na,clean_k10,0.0,0.0,0.0,PDS_pearson_mae_h96_pvalue,0.006047540664512012
csi800,random-reset,na,na,clean_k10,0.0,0.0,0.0,PDS_pearson_mse_h96_score,0.11460231735814433
csi800,random-reset,na,na,clean_k10,0.0,0.0,0.0,PDS_pearson_mse_h96_raw_corr,-0.11460231735814433
csi800,random-reset,na,na,clean_k10,0.0,0.0,0.0,PDS_pearson_mse_h96_ci_low,0.04744077785664012
csi800,random-reset,na,na,clean_k10,0.0,0.0,0.0,PDS_pearson_mse_h96_ci_high,0.18372409866941022
csi800,random-reset,na,na,clean_k10,0.0,0.0,0.0,PDS_pearson_mse_h96_pvalue,0.009448849808089604
csi800,random-reset,na,na,clean_k20,0.0,0.0,0.0,PDS_pearson_mae_h96_score,0.1177013109965568
csi800,random-reset,na,na,clean_k20,0.0,0.0,0.0,PDS_pearson_mae_h96_raw_corr,-0.1177013109965568
csi800,random-reset,na,na,clean_k20,0.0,0.0,0.0,PDS_pearson_mae_h96_ci_low,0.039142984451823085
csi800,random-reset,na,na,clean_k20,0.0,0.0,0.0,PDS_pearson_mae_h96_ci_high,0.18614834890941676
csi800,random-reset,na,na,clean_k20,0.0,0.0,0.0,PDS_pearson_mae_h96_pvalue,0.007675059382535336
csi800,random-reset,na,na,clean_k20,0.0,0.0,0.0,PDS_pearson_mse_h96_score,0.11249506767324818
csi800,random-reset,na,na,clean_k20,0.0,0.0,0.0,PDS_pearson_mse_h96_raw_corr,-0.11249506767324818
csi800,random-reset,na,na,clean_k20,0.0,0.0,0.0,PDS_pearson_mse_h96_ci_low,0.05043435525514189
csi800,random-reset,na,na,clean_k20,0.0,0.0,0.0,PDS_pearson_mse_h96_ci_high,0.17392272828808364
csi800,random-reset,na,na,clean_k20,0.0,0.0,0.0,PDS_pearson_mse_h96_pvalue,0.010854705881270887
csi800,random-reset,na,na,clean_k50,0.0,0.0,0.0,PDS_pearson_mae_h96_score,0.10680072999788168
csi800,random-reset,na,na,clean_k50,0.0,0.0,0.0,PDS_pearson_mae_h96_raw_corr,-0.10680072999788168
csi800,random-reset,na,na,clean_k50,0.0,0.0,0.0,PDS_pearson_mae_h96_ci_low,0.0362100773407294
csi800,random-reset,na,na,clean_k50,0.0,0.0,0.0,PDS_pearson_mae_h96_ci_high,0.17714220448540235
csi800,random-reset,na,na,clean_k50,0.0,0.0,0.0,PDS_pearson_mae_h96_pvalue,0.015621678382137452
csi800,random-reset,na,na,clean_k50,0.0,0.0,0.0,PDS_pearson_mse_h96_score,0.10768703840710281
csi800,random-reset,na,na,clean_k50,0.0,0.0,0.0,PDS_pearson_mse_h96_raw_corr,-0.10768703840710281
csi800,random-reset,na,na,clean_k50,0.0,0.0,0.0,PDS_pearson_mse_h96_ci_low,0.04603001291563701
csi800,random-reset,na,na,clean_k50,0.0,0.0,0.0,PDS_pearson_mse_h96_ci_high,0.166950609775995
csi800,random-reset,na,na,clean_k50,0.0,0.0,0.0,PDS_pearson_mse_h96_pvalue,0.014776266460300566
csi800,random-reset,na,na,clean,0.0,0.0,0.0,FSS_spearman_h192_score,-0.0023176680972631387
csi800,random-reset,na,na,clean,0.0,0.0,0.0,FSS_spearman_h192_raw_corr,0.0023176680972631387
csi800,random-reset,na,na,clean,0.0,0.0,0.0,FSS_spearman_h192_ci_low,-0.01660592115178144
csi800,random-reset,na,na,clean,0.0,0.0,0.0,FSS_spearman_h192_ci_high,0.011607250268879727
csi800,random-reset,na,na,clean,0.0,0.0,0.0,FSS_spearman_h192_pvalue,0.7432759894125052
csi800,random-reset,na,na,clean_k10,0.0,0.0,0.0,PDS_spearman_mae_h192_score,0.08844403388608507
csi800,random-reset,na,na,clean_k10,0.0,0.0,0.0,PDS_spearman_mae_h192_raw_corr,-0.08844403388608507
csi800,random-reset,na,na,clean_k10,0.0,0.0,0.0,PDS_spearman_mae_h192_ci_low,0.007329709426316596
csi800,random-reset,na,na,clean_k10,0.0,0.0,0.0,PDS_spearman_mae_h192_ci_high,0.17744402962239497
csi800,random-reset,na,na,clean_k10,0.0,0.0,0.0,PDS_spearman_mae_h192_pvalue,0.045468958991090845
csi800,random-reset,na,na,clean_k10,0.0,0.0,0.0,PDS_spearman_mse_h192_score,0.08844403388608507
csi800,random-reset,na,na,clean_k10,0.0,0.0,0.0,PDS_spearman_mse_h192_raw_corr,-0.08844403388608507
csi800,random-reset,na,na,clean_k10,0.0,0.0,0.0,PDS_spearman_mse_h192_ci_low,0.007329709426316596
csi800,random-reset,na,na,clean_k10,0.0,0.0,0.0,PDS_spearman_mse_h192_ci_high,0.17744402962239497
csi800,random-reset,na,na,clean_k10,0.0,0.0,0.0,PDS_spearman_mse_h192_pvalue,0.045468958991090845
csi800,random-reset,na,na,clean_k20,0.0,0.0,0.0,PDS_spearman_mae_h192_score,0.10409862770510751
csi800,random-reset,na,na,clean_k20,0.0,0.0,0.0,PDS_spearman_mae_h192_raw_corr,-0.10409862770510751
csi800,random-reset,na,na,clean_k20,0.0,0.0,0.0,PDS_spearman_mae_h192_ci_low,0.018469447720659032
csi800,random-reset,na,na,clean_k20,0.0,0.0,0.0,PDS_spearman_mae_h192_ci_high,0.19187158727105236
csi800,random-reset,na,na,clean_k20,0.0,0.0,0.0,PDS_spearman_mae_h192_pvalue,0.018466438909999723
csi800,random-reset,na,na,clean_k20,0.0,0.0,0.0,PDS_spearman_mse_h192_score,0.10409862770510751
csi800,random-reset,na,na,clean_k20,0.0,0.0,0.0,PDS_spearman_mse_h192_raw_corr,-0.10409862770510751
csi800,random-reset,na,na,clean_k20,0.0,0.0,0.0,PDS_spearman_mse_h192_ci_low,0.018469447720659032
csi800,random-reset,na,na,clean_k20,0.0,0.0,0.0,PDS_spearman_mse_h192_ci_high,0.19187158727105236
csi800,random-reset,na,na,clean_k20,0.0,0.0,0.0,PDS_spearman_mse_h192_pvalue,0.018466438909999723
csi800,random-reset,na,na,clean_k50,0.0,0.0,0.0,PDS_spearman_mae_h192_score,0.10674937557935937
csi800,random-reset,na,na,clean_k50,0.0,0.0,0.0,PDS_spearman_mae_h192_raw_corr,-0.10674937557935937
csi800,random-reset,na,na,clean_k50,0.0,0.0,0.0,PDS_spearman_mae_h192_ci_low,0.020599308662180044
csi800,random-reset,na,na,clean_k50,0.0,0.0,0.0,PDS_spearman_mae_h192_ci_high,0.19550840740987782
csi800,random-reset,na,na,clean_k50,0.0,0.0,0.0,PDS_spearman_mae_h192_pvalue,0.015671938372201866
csi800,random-reset,na,na,clean_k50,0.0,0.0,0.0,PDS_spearman_mse_h192_score,0.10674937557935937
csi800,random-reset,na,na,clean_k50,0.0,0.0,0.0,PDS_spearman_mse_h192_raw_corr,-0.10674937557935937
csi800,random-reset,na,na,clean_k50,0.0,0.0,0.0,PDS_spearman_mse_h192_ci_low,0.020599308662180044
csi800,random-reset,na,na,clean_k50,0.0,0.0,0.0,PDS_spearman_mse_h192_ci_high,0.19550840740987782
csi800,random-reset,na,na,clean_k50,0.0,0.0,0.0,PDS_spearman_mse_h192_pvalue,0.015671938372201866
csi800,random-reset,na,na,clean,0.0,0.0,0.0,FSS_pearson_h192_score,0.008838089968693875
csi800,random-reset,na,na,clean,0.0,0.0,0.0,FSS_pearson_h192_raw_corr,-0.008838089968693875
csi800,random-reset,na,na,clean,0.0,0.0,0.0,FSS_pearson_h192_ci_low,-0.0040697176476709
csi800,random-reset,na,na,clean,0.0,0.0,0.0,FSS_pearson_h192_ci_high,0.022568283900147576
csi800,random-reset,na,na,clean,0.0,0.0,0.0,FSS_pearson_h192_pvalue,0.21167763699140124
csi800,random-reset,na,na,clean_k10,0.0,0.0,0.0,PDS_pearson_mae_h192_score,0.08564298825210262
csi800,random-reset,na,na,clean_k10,0.0,0.0,0.0,PDS_pearson_mae_h192_raw_corr,-0.08564298825210262
csi800,random-reset,na,na,clean_k10,0.0,0.0,0.0,PDS_pearson_mae_h192_ci_low,-0.011352536724396206
csi800,random-reset,na,na,clean_k10,0.0,0.0,0.0,PDS_pearson_mae_h192_ci_high,0.18127769894594026
csi800,random-reset,na,na,clean_k10,0.0,0.0,0.0,PDS_pearson_mae_h192_pvalue,0.05278170342769152
csi800,random-reset,na,na,clean_k10,0.0,0.0,0.0,PDS_pearson_mse_h192_score,0.0826714441059043
csi800,random-reset,na,na,clean_k10,0.0,0.0,0.0,PDS_pearson_mse_h192_raw_corr,-0.0826714441059043
csi800,random-reset,na,na,clean_k10,0.0,0.0,0.0,PDS_pearson_mse_h192_ci_low,-0.015308647662191508
csi800,random-reset,na,na,clean_k10,0.0,0.0,0.0,PDS_pearson_mse_h192_ci_high,0.17388191665287145
csi800,random-reset,na,na,clean_k10,0.0,0.0,0.0,PDS_pearson_mse_h192_pvalue,0.061585269228231584
csi800,random-reset,na,na,clean_k20,0.0,0.0,0.0,PDS_pearson_mae_h192_score,0.08921216247214445
csi800,random-reset,na,na,clean_k20,0.0,0.0,0.0,PDS_pearson_mae_h192_raw_corr,-0.08921216247214445
csi800,random-reset,na,na,clean_k20,0.0,0.0,0.0,PDS_pearson_mae_h192_ci_low,-0.017737143372741127
csi800,random-reset,na,na,clean_k20,0.0,0.0,0.0,PDS_pearson_mae_h192_ci_high,0.1808788537645841
csi800,random-reset,na,na,clean_k20,0.0,0.0,0.0,PDS_pearson_mae_h192_pvalue,0.043619218133205837
csi800,random-reset,na,na,clean_k20,0.0,0.0,0.0,PDS_pearson_mse_h192_score,0.07983407170766471
csi800,random-reset,na,na,clean_k20,0.0,0.0,0.0,PDS_pearson_mse_h192_raw_corr,-0.07983407170766471
csi800,random-reset,na,na,clean_k20,0.0,0.0,0.0,PDS_pearson_mse_h192_ci_low,-0.04478354400595529
csi800,random-reset,na,na,clean_k20,0.0,0.0,0.0,PDS_pearson_mse_h192_ci_high,0.1718981561445784
csi800,random-reset,na,na,clean_k20,0.0,0.0,0.0,PDS_pearson_mse_h192_pvalue,0.07108949693460825
csi800,random-reset,na,na,clean_k50,0.0,0.0,0.0,PDS_pearson_mae_h192_score,0.0836021382111572
csi800,random-reset,na,na,clean_k50,0.0,0.0,0.0,PDS_pearson_mae_h192_raw_corr,-0.0836021382111572
csi800,random-reset,na,na,clean_k50,0.0,0.0,0.0,PDS_pearson_mae_h192_ci_low,-0.010231280711782116
csi800,random-reset,na,na,clean_k50,0.0,0.0,0.0,PDS_pearson_mae_h192_ci_high,0.17979422184866756
csi800,random-reset,na,na,clean_k50,0.0,0.0,0.0,PDS_pearson_mae_h192_pvalue,0.05870618521914708
csi800,random-reset,na,na,clean_k50,0.0,0.0,0.0,PDS_pearson_mse_h192_score,0.06997735635688246
csi800,random-reset,na,na,clean_k50,0.0,0.0,0.0,PDS_pearson_mse_h192_raw_corr,-0.06997735635688246
csi800,random-reset,na,na,clean_k50,0.0,0.0,0.0,PDS_pearson_mse_h192_ci_low,-0.042880117430699485
csi800,random-reset,na,na,clean_k50,0.0,0.0,0.0,PDS_pearson_mse_h192_ci_high,0.16264012932404487
csi800,random-reset,na,na,clean_k50,0.0,0.0,0.0,PDS_pearson_mse_h192_pvalue,0.11376927025775271
csi800,random-reset,na,na,clean,0.0,0.0,0.0,FSS_spearman_h336_score,0.011679730808148957
csi800,random-reset,na,na,clean,0.0,0.0,0.0,FSS_spearman_h336_raw_corr,-0.011679730808148957
csi800,random-reset,na,na,clean,0.0,0.0,0.0,FSS_spearman_h336_ci_low,-0.001593502659053197
csi800,random-reset,na,na,clean,0.0,0.0,0.0,FSS_spearman_h336_ci_high,0.027076006195952528
csi800,random-reset,na,na,clean,0.0,0.0,0.0,FSS_spearman_h336_pvalue,0.09887919355391221
csi800,random-reset,na,na,clean_k10,0.0,0.0,0.0,PDS_spearman_mae_h336_score,0.20973166363397078
csi800,random-reset,na,na,clean_k10,0.0,0.0,0.0,PDS_spearman_mae_h336_raw_corr,-0.20973166363397078
csi800,random-reset,na,na,clean_k10,0.0,0.0,0.0,PDS_spearman_mae_h336_ci_low,0.12213569279951839
csi800,random-reset,na,na,clean_k10,0.0,0.0,0.0,PDS_spearman_mae_h336_ci_high,0.29296586752830817
csi800,random-reset,na,na,clean_k10,0.0,0.0,0.0,PDS_spearman_mae_h336_pvalue,1.6892741734502826e-06
csi800,random-reset,na,na,clean_k10,0.0,0.0,0.0,PDS_spearman_mse_h336_score,0.20973166363397078
csi800,random-reset,na,na,clean_k10,0.0,0.0,0.0,PDS_spearman_mse_h336_raw_corr,-0.20973166363397078
csi800,random-reset,na,na,clean_k10,0.0,0.0,0.0,PDS_spearman_mse_h336_ci_low,0.12213569279951839
csi800,random-reset,na,na,clean_k10,0.0,0.0,0.0,PDS_spearman_mse_h336_ci_high,0.29296586752830817
csi800,random-reset,na,na,clean_k10,0.0,0.0,0.0,PDS_spearman_mse_h336_pvalue,1.6892741734502826e-06
csi800,random-reset,na,na,clean_k20,0.0,0.0,0.0,PDS_spearman_mae_h336_score,0.2298167472047699
csi800,random-reset,na,na,clean_k20,0.0,0.0,0.0,PDS_spearman_mae_h336_raw_corr,-0.2298167472047699
csi800,random-reset,na,na,clean_k20,0.0,0.0,0.0,PDS_spearman_mae_h336_ci_low,0.14422130617148324
csi800,random-reset,na,na,clean_k20,0.0,0.0,0.0,PDS_spearman_mae_h336_ci_high,0.3108452193782667
csi800,random-reset,na,na,clean_k20,0.0,0.0,0.0,PDS_spearman_mae_h336_pvalue,1.4564013897947745e-07
csi800,random-reset,na,na,clean_k20,0.0,0.0,0.0,PDS_spearman_mse_h336_score,0.2298167472047699
csi800,random-reset,na,na,clean_k20,0.0,0.0,0.0,PDS_spearman_mse_h336_raw_corr,-0.2298167472047699
csi800,random-reset,na,na,clean_k20,0.0,0.0,0.0,PDS_spearman_mse_h336_ci_low,0.14422130617148324
csi800,random-reset,na,na,clean_k20,0.0,0.0,0.0,PDS_spearman_mse_h336_ci_high,0.3108452193782667
csi800,random-reset,na,na,clean_k20,0.0,0.0,0.0,PDS_spearman_mse_h336_pvalue,1.4564013897947745e-07
csi800,random-reset,na,na,clean_k50,0.0,0.0,0.0,PDS_spearman_mae_h336_score,0.2354877633581671
csi800,random-reset,na,na,clean_k50,0.0,0.0,0.0,PDS_spearman_mae_h336_raw_corr,-0.2354877633581671
csi800,random-reset,na,na,clean_k50,0.0,0.0,0.0,PDS_spearman_mae_h336_ci_low,0.157798302113677
csi800,random-reset,na,na,clean_k50,0.0,0.0,0.0,PDS_spearman_mae_h336_ci_high,0.3170402311147589
csi800,random-reset,na,na,clean_k50,0.0,0.0,0.0,PDS_spearman_mae_h336_pvalue,6.988752554601118e-08
csi800,random-reset,na,na,clean_k50,0.0,0.0,0.0,PDS_spearman_mse_h336_score,0.2354877633581671
csi800,random-reset,na,na,clean_k50,0.0,0.0,0.0,PDS_spearman_mse_h336_raw_corr,-0.2354877633581671
csi800,random-reset,na,na,clean_k50,0.0,0.0,0.0,PDS_spearman_mse_h336_ci_low,0.157798302113677
csi800,random-reset,na,na,clean_k50,0.0,0.0,0.0,PDS_spearman_mse_h336_ci_high,0.3170402311147589
csi800,random-reset,na,na,clean_k50,0.0,0.0,0.0,PDS_spearman_mse_h336_pvalue,6.988752554601118e-08
csi800,random-reset,na,na,clean,0.0,0.0,0.0,FSS_pearson_h336_score,0.031269807665387984
csi800,random-reset,na,na,clean,0.0,0.0,0.0,FSS_pearson_h336_raw_corr,-0.031269807665387984
csi800,random-reset,na,na,clean,0.0,0.0,0.0,FSS_pearson_h336_ci_low,0.016791534503438708
csi800,random-reset,na,na,clean,0.0,0.0,0.0,FSS_pearson_h336_ci_high,0.04633359312292636
csi800,random-reset,na,na,clean,0.0,0.0,0.0,FSS_pearson_h336_pvalue,9.903847874532865e-06
csi800,random-reset,na,na,clean_k10,0.0,0.0,0.0,PDS_pearson_mae_h336_score,0.25529593267068423
csi800,random-reset,na,na,clean_k10,0.0,0.0,0.0,PDS_pearson_mae_h336_raw_corr,-0.25529593267068423
csi800,random-reset,na,na,clean_k10,0.0,0.0,0.0,PDS_pearson_mae_h336_ci_low,0.18598786193099515
csi800,random-reset,na,na,clean_k10,0.0,0.0,0.0,PDS_pearson_mae_h336_ci_high,0.3279039102678865
csi800,random-reset,na,na,clean_k10,0.0,0.0,0.0,PDS_pearson_mae_h336_pvalue,4.630132473921125e-09
csi800,random-reset,na,na,clean_k10,0.0,0.0,0.0,PDS_pearson_mse_h336_score,0.25873984052696675
csi800,random-reset,na,na,clean_k10,0.0,0.0,0.0,PDS_pearson_mse_h336_raw_corr,-0.25873984052696675
csi800,random-reset,na,na,clean_k10,0.0,0.0,0.0,PDS_pearson_mse_h336_ci_low,0.1988856081080242
csi800,random-reset,na,na,clean_k10,0.0,0.0,0.0,PDS_pearson_mse_h336_ci_high,0.3266607867940653
csi800,random-reset,na,na,clean_k10,0.0,0.0,0.0,PDS_pearson_mse_h336_pvalue,2.8194205430956756e-09
csi800,random-reset,na,na,clean_k20,0.0,0.0,0.0,PDS_pearson_mae_h336_score,0.26664124653972476
csi800,random-reset,na,na,clean_k20,0.0,0.0,0.0,PDS_pearson_mae_h336_raw_corr,-0.26664124653972476
csi800,random-reset,na,na,clean_k20,0.0,0.0,0.0,PDS_pearson_mae_h336_ci_low,0.1979052673494547
csi800,random-reset,na,na,clean_k20,0.0,0.0,0.0,PDS_pearson_mae_h336_ci_high,0.33351439691344253
csi800,random-reset,na,na,clean_k20,0.0,0.0,0.0,PDS_pearson_mae_h336_pvalue,8.788977945139026e-10
csi800,random-reset,na,na,clean_k20,0.0,0.0,0.0,PDS_pearson_mse_h336_score,0.2660878921217742
csi800,random-reset,na,na,clean_k20,0.0,0.0,0.0,PDS_pearson_mse_h336_raw_corr,-0.2660878921217742
csi800,random-reset,na,na,clean_k20,0.0,0.0,0.0,PDS_pearson_mse_h336_ci_low,0.20859963722299096
csi800,random-reset,na,na,clean_k20,0.0,0.0,0.0,PDS_pearson_mse_h336_ci_high,0.32627414927337073
csi800,random-reset,na,na,clean_k20,0.0,0.0,0.0,PDS_pearson_mse_h336_pvalue,9.5485133077049e-10
csi800,random-reset,na,na,clean_k50,0.0,0.0,0.0,PDS_pearson_mae_h336_score,0.27242567320090644
csi800,random-reset,na,na,clean_k50,0.0,0.0,0.0,PDS_pearson_mae_h336_raw_corr,-0.27242567320090644
csi800,random-reset,na,na,clean_k50,0.0,0.0,0.0,PDS_pearson_mae_h336_ci_low,0.20810319604788344
csi800,random-reset,na,na,clean_k50,0.0,0.0,0.0,PDS_pearson_mae_h336_ci_high,0.3377573454578381
csi800,random-reset,na,na,clean_k50,0.0,0.0,0.0,PDS_pearson_mae_h336_pvalue,3.653298455721421e-10
csi800,random-reset,na,na,clean_k50,0.0,0.0,0.0,PDS_pearson_mse_h336_score,0.26933630977902434
csi800,random-reset,na,na,clean_k50,0.0,0.0,0.0,PDS_pearson_mse_h336_raw_corr,-0.26933630977902434
csi800,random-reset,na,na,clean_k50,0.0,0.0,0.0,PDS_pearson_mse_h336_ci_low,0.21160169884187777
csi800,random-reset,na,na,clean_k50,0.0,0.0,0.0,PDS_pearson_mse_h336_ci_high,0.3271973954742052
csi800,random-reset,na,na,clean_k50,0.0,0.0,0.0,PDS_pearson_mse_h336_pvalue,5.853752890395832e-10
csi800,random-reset,na,na,clean,0.0,0.0,0.0,FSS_spearman_h720_score,0.005946916182045391
csi800,random-reset,na,na,clean,0.0,0.0,0.0,FSS_spearman_h720_raw_corr,-0.005946916182045391
csi800,random-reset,na,na,clean,0.0,0.0,0.0,FSS_spearman_h720_ci_low,-0.007190171672177086
csi800,random-reset,na,na,clean,0.0,0.0,0.0,FSS_spearman_h720_ci_high,0.019083162122915057
csi800,random-reset,na,na,clean,0.0,0.0,0.0,FSS_spearman_h720_pvalue,0.40076228777981004
csi800,random-reset,na,na,clean_k10,0.0,0.0,0.0,PDS_spearman_mae_h720_score,0.19733507212666368
csi800,random-reset,na,na,clean_k10,0.0,0.0,0.0,PDS_spearman_mae_h720_raw_corr,-0.19733507212666368
csi800,random-reset,na,na,clean_k10,0.0,0.0,0.0,PDS_spearman_mae_h720_ci_low,0.10798239959011433
csi800,random-reset,na,na,clean_k10,0.0,0.0,0.0,PDS_spearman_mae_h720_ci_high,0.27434679579997645
csi800,random-reset,na,na,clean_k10,0.0,0.0,0.0,PDS_spearman_mae_h720_pvalue,6.840897767615932e-06
csi800,random-reset,na,na,clean_k10,0.0,0.0,0.0,PDS_spearman_mse_h720_score,0.19733507212666368
csi800,random-reset,na,na,clean_k10,0.0,0.0,0.0,PDS_spearman_mse_h720_raw_corr,-0.19733507212666368
csi800,random-reset,na,na,clean_k10,0.0,0.0,0.0,PDS_spearman_mse_h720_ci_low,0.10798239959011433
csi800,random-reset,na,na,clean_k10,0.0,0.0,0.0,PDS_spearman_mse_h720_ci_high,0.27434679579997645
csi800,random-reset,na,na,clean_k10,0.0,0.0,0.0,PDS_spearman_mse_h720_pvalue,6.840897767615932e-06
csi800,random-reset,na,na,clean_k20,0.0,0.0,0.0,PDS_spearman_mae_h720_score,0.2067683478101647
csi800,random-reset,na,na,clean_k20,0.0,0.0,0.0,PDS_spearman_mae_h720_raw_corr,-0.2067683478101647
csi800,random-reset,na,na,clean_k20,0.0,0.0,0.0,PDS_spearman_mae_h720_ci_low,0.12134653800007252
csi800,random-reset,na,na,clean_k20,0.0,0.0,0.0,PDS_spearman_mae_h720_ci_high,0.2798462911340153
csi800,random-reset,na,na,clean_k20,0.0,0.0,0.0,PDS_spearman_mae_h720_pvalue,2.3784619953459453e-06
csi800,random-reset,na,na,clean_k20,0.0,0.0,0.0,PDS_spearman_mse_h720_score,0.2067683478101647
csi800,random-reset,na,na,clean_k20,0.0,0.0,0.0,PDS_spearman_mse_h720_raw_corr,-0.2067683478101647
csi800,random-reset,na,na,clean_k20,0.0,0.0,0.0,PDS_spearman_mse_h720_ci_low,0.12134653800007252
csi800,random-reset,na,na,clean_k20,0.0,0.0,0.0,PDS_spearman_mse_h720_ci_high,0.2798462911340153
csi800,random-reset,na,na,clean_k20,0.0,0.0,0.0,PDS_spearman_mse_h720_pvalue,2.3784619953459453e-06
csi800,random-reset,na,na,clean_k50,0.0,0.0,0.0,PDS_spearman_mae_h720_score,0.21054205147572128
csi800,random-reset,na,na,clean_k50,0.0,0.0,0.0,PDS_spearman_mae_h720_raw_corr,-0.21054205147572128
csi800,random-reset,na,na,clean_k50,0.0,0.0,0.0,PDS_spearman_mae_h720_ci_low,0.13184421353658715
csi800,random-reset,na,na,clean_k50,0.0,0.0,0.0,PDS_spearman_mae_h720_ci_high,0.2922374923886998
csi800,random-reset,na,na,clean_k50,0.0,0.0,0.0,PDS_spearman_mae_h720_pvalue,1.5370526134984052e-06
csi800,random-reset,na,na,clean_k50,0.0,0.0,0.0,PDS_spearman_mse_h720_score,0.21054205147572128
csi800,random-reset,na,na,clean_k50,0.0,0.0,0.0,PDS_spearman_mse_h720_raw_corr,-0.21054205147572128
csi800,random-reset,na,na,clean_k50,0.0,0.0,0.0,PDS_spearman_mse_h720_ci_low,0.13184421353658715
csi800,random-reset,na,na,clean_k50,0.0,0.0,0.0,PDS_spearman_mse_h720_ci_high,0.2922374923886998
csi800,random-reset,na,na,clean_k50,0.0,0.0,0.0,PDS_spearman_mse_h720_pvalue,1.5370526134984052e-06
csi800,random-reset,na,na,clean,0.0,0.0,0.0,FSS_pearson_h720_score,0.02196963860872244
csi800,random-reset,na,na,clean,0.0,0.0,0.0,FSS_pearson_h720_raw_corr,-0.02196963860872244
csi800,random-reset,na,na,clean,0.0,0.0,0.0,FSS_pearson_h720_ci_low,0.00821800780345833
csi800,random-reset,na,na,clean,0.0,0.0,0.0,FSS_pearson_h720_ci_high,0.03627832660556001
csi800,random-reset,na,na,clean,0.0,0.0,0.0,FSS_pearson_h720_pvalue,0.001905916869049462
csi800,random-reset,na,na,clean_k10,0.0,0.0,0.0,PDS_pearson_mae_h720_score,0.16603357325396395
csi800,random-reset,na,na,clean_k10,0.0,0.0,0.0,PDS_pearson_mae_h720_raw_corr,-0.16603357325396395
csi800,random-reset,na,na,clean_k10,0.0,0.0,0.0,PDS_pearson_mae_h720_ci_low,0.08135240236391295
csi800,random-reset,na,na,clean_k10,0.0,0.0,0.0,PDS_pearson_mae_h720_ci_high,0.2454633966529155
csi800,random-reset,na,na,clean_k10,0.0,0.0,0.0,PDS_pearson_mae_h720_pvalue,0.0001606802245034746
csi800,random-reset,na,na,clean_k10,0.0,0.0,0.0,PDS_pearson_mse_h720_score,0.093879213738605
csi800,random-reset,na,na,clean_k10,0.0,0.0,0.0,PDS_pearson_mse_h720_raw_corr,-0.093879213738605
csi800,random-reset,na,na,clean_k10,0.0,0.0,0.0,PDS_pearson_mse_h720_ci_low,0.028158330299321757
csi800,random-reset,na,na,clean_k10,0.0,0.0,0.0,PDS_pearson_mse_h720_ci_high,0.19011872523099607
csi800,random-reset,na,na,clean_k10,0.0,0.0,0.0,PDS_pearson_mse_h720_pvalue,0.03369153147119108
csi800,random-reset,na,na,clean_k20,0.0,0.0,0.0,PDS_pearson_mae_h720_score,0.1699420229857847
csi800,random-reset,na,na,clean_k20,0.0,0.0,0.0,PDS_pearson_mae_h720_raw_corr,-0.1699420229857847
csi800,random-reset,na,na,clean_k20,0.0,0.0,0.0,PDS_pearson_mae_h720_ci_low,0.09233379938426585
csi800,random-reset,na,na,clean_k20,0.0,0.0,0.0,PDS_pearson_mae_h720_ci_high,0.24328107523914583
csi800,random-reset,na,na,clean_k20,0.0,0.0,0.0,PDS_pearson_mae_h720_pvalue,0.00011150285780702535
csi800,random-reset,na,na,clean_k20,0.0,0.0,0.0,PDS_pearson_mse_h720_score,0.09296784571846722
csi800,random-reset,na,na,clean_k20,0.0,0.0,0.0,PDS_pearson_mse_h720_raw_corr,-0.09296784571846722
csi800,random-reset,na,na,clean_k20,0.0,0.0,0.0,PDS_pearson_mse_h720_ci_low,0.029734922171026416
csi800,random-reset,na,na,clean_k20,0.0,0.0,0.0,PDS_pearson_mse_h720_ci_high,0.1863092514986776
csi800,random-reset,na,na,clean_k20,0.0,0.0,0.0,PDS_pearson_mse_h720_pvalue,0.035462531957463184
csi800,random-reset,na,na,clean_k50,0.0,0.0,0.0,PDS_pearson_mae_h720_score,0.17337024329497475
csi800,random-reset,na,na,clean_k50,0.0,0.0,0.0,PDS_pearson_mae_h720_raw_corr,-0.17337024329497475
csi800,random-reset,na,na,clean_k50,0.0,0.0,0.0,PDS_pearson_mae_h720_ci_low,0.08919942273005997
csi800,random-reset,na,na,clean_k50,0.0,0.0,0.0,PDS_pearson_mae_h720_ci_high,0.2534904562074471
csi800,random-reset,na,na,clean_k50,0.0,0.0,0.0,PDS_pearson_mae_h720_pvalue,8.039076705040856e-05
csi800,random-reset,na,na,clean_k50,0.0,0.0,0.0,PDS_pearson_mse_h720_score,0.09231465520227325
csi800,random-reset,na,na,clean_k50,0.0,0.0,0.0,PDS_pearson_mse_h720_raw_corr,-0.09231465520227325
csi800,random-reset,na,na,clean_k50,0.0,0.0,0.0,PDS_pearson_mse_h720_ci_low,0.01789859483751836
csi800,random-reset,na,na,clean_k50,0.0,0.0,0.0,PDS_pearson_mse_h720_ci_high,0.2028042831034068
csi800,random-reset,na,na,clean_k50,0.0,0.0,0.0,PDS_pearson_mse_h720_pvalue,0.03678002385956677
csi800,random-reset,na,na,clean,0.0,0.0,0.0,FSS_spearman_havg_score,-0.019537454141860217
csi800,random-reset,na,na,clean,0.0,0.0,0.0,FSS_spearman_havg_raw_corr,0.019537454141860217
csi800,random-reset,na,na,clean,0.0,0.0,0.0,FSS_spearman_havg_ci_low,-0.03315586227494508
csi800,random-reset,na,na,clean,0.0,0.0,0.0,FSS_spearman_havg_ci_high,-0.0055461790698018865
csi800,random-reset,na,na,clean,0.0,0.0,0.0,FSS_spearman_havg_pvalue,0.005766803473308636
csi800,random-reset,na,na,clean_k10,0.0,0.0,0.0,PDS_spearman_mae_havg_score,0.3796479283253797
csi800,random-reset,na,na,clean_k10,0.0,0.0,0.0,PDS_spearman_mae_havg_raw_corr,-0.3796479283253797
csi800,random-reset,na,na,clean_k10,0.0,0.0,0.0,PDS_spearman_mae_havg_ci_low,0.3050333515806969
csi800,random-reset,na,na,clean_k10,0.0,0.0,0.0,PDS_spearman_mae_havg_ci_high,0.4576825072551558
csi800,random-reset,na,na,clean_k10,0.0,0.0,0.0,PDS_spearman_mae_havg_pvalue,5.337304604712168e-19
csi800,random-reset,na,na,clean_k10,0.0,0.0,0.0,PDS_spearman_mse_havg_score,0.3831446481500555
csi800,random-reset,na,na,clean_k10,0.0,0.0,0.0,PDS_spearman_mse_havg_raw_corr,-0.3831446481500555
csi800,random-reset,na,na,clean_k10,0.0,0.0,0.0,PDS_spearman_mse_havg_ci_low,0.3079790506196775
csi800,random-reset,na,na,clean_k10,0.0,0.0,0.0,PDS_spearman_mse_havg_ci_high,0.4612108742713424
csi800,random-reset,na,na,clean_k10,0.0,0.0,0.0,PDS_spearman_mse_havg_pvalue,2.386550318140074e-19
csi800,random-reset,na,na,clean_k20,0.0,0.0,0.0,PDS_spearman_mae_havg_score,0.38808261378331677
csi800,random-reset,na,na,clean_k20,0.0,0.0,0.0,PDS_spearman_mae_havg_raw_corr,-0.38808261378331677
csi800,random-reset,na,na,clean_k20,0.0,0.0,0.0,PDS_spearman_mae_havg_ci_low,0.30968052711556004
csi800,random-reset,na,na,clean_k20,0.0,0.0,0.0,PDS_spearman_mae_havg_ci_high,0.4713416189646032
csi800,random-reset,na,na,clean_k20,0.0,0.0,0.0,PDS_spearman_mae_havg_pvalue,7.532272651649487e-20
csi800,random-reset,na,na,clean_k20,0.0,0.0,0.0,PDS_spearman_mse_havg_score,0.3916958313306096
csi800,random-reset,na,na,clean_k20,0.0,0.0,0.0,PDS_spearman_mse_havg_raw_corr,-0.3916958313306096
csi800,random-reset,na,na,clean_k20,0.0,0.0,0.0,PDS_spearman_mse_havg_ci_low,0.31308278503307746
csi800,random-reset,na,na,clean_k20,0.0,0.0,0.0,PDS_spearman_mse_havg_ci_high,0.47562170098933976
csi800,random-reset,na,na,clean_k20,0.0,0.0,0.0,PDS_spearman_mse_havg_pvalue,3.199171020103068e-20
csi800,random-reset,na,na,clean_k50,0.0,0.0,0.0,PDS_spearman_mae_havg_score,0.3825331021617972
csi800,random-reset,na,na,clean_k50,0.0,0.0,0.0,PDS_spearman_mae_havg_raw_corr,-0.3825331021617972
csi800,random-reset,na,na,clean_k50,0.0,0.0,0.0,PDS_spearman_mae_havg_ci_low,0.3017330418364045
csi800,random-reset,na,na,clean_k50,0.0,0.0,0.0,PDS_spearman_mae_havg_ci_high,0.463697213000785
csi800,random-reset,na,na,clean_k50,0.0,0.0,0.0,PDS_spearman_mae_havg_pvalue,2.749213477995216e-19
csi800,random-reset,na,na,clean_k50,0.0,0.0,0.0,PDS_spearman_mse_havg_score,0.38671566544786623
csi800,random-reset,na,na,clean_k50,0.0,0.0,0.0,PDS_spearman_mse_havg_raw_corr,-0.38671566544786623
csi800,random-reset,na,na,clean_k50,0.0,0.0,0.0,PDS_spearman_mse_havg_ci_low,0.3100473466479554
csi800,random-reset,na,na,clean_k50,0.0,0.0,0.0,PDS_spearman_mse_havg_ci_high,0.46487155034897315
csi800,random-reset,na,na,clean_k50,0.0,0.0,0.0,PDS_spearman_mse_havg_pvalue,1.0385393598486736e-19
csi800,random-reset,na,na,clean,0.0,0.0,0.0,FSS_pearson_havg_score,-0.017731379107590615
csi800,random-reset,na,na,clean,0.0,0.0,0.0,FSS_pearson_havg_raw_corr,0.017731379107590615
csi800,random-reset,na,na,clean,0.0,0.0,0.0,FSS_pearson_havg_ci_low,-0.03212098385117104
csi800,random-reset,na,na,clean,0.0,0.0,0.0,FSS_pearson_havg_ci_high,-0.003130016581075544
csi800,random-reset,na,na,clean,0.0,0.0,0.0,FSS_pearson_havg_pvalue,0.012227721980601429
csi800,random-reset,na,na,clean_k10,0.0,0.0,0.0,PDS_pearson_mae_havg_score,0.3711970087012089
csi800,random-reset,na,na,clean_k10,0.0,0.0,0.0,PDS_pearson_mae_havg_raw_corr,-0.3711970087012089
csi800,random-reset,na,na,clean_k10,0.0,0.0,0.0,PDS_pearson_mae_havg_ci_low,0.30760975179562544
csi800,random-reset,na,na,clean_k10,0.0,0.0,0.0,PDS_pearson_mae_havg_ci_high,0.42788813576667734
csi800,random-reset,na,na,clean_k10,0.0,0.0,0.0,PDS_pearson_mae_havg_pvalue,3.588133587249295e-18
csi800,random-reset,na,na,clean_k10,0.0,0.0,0.0,PDS_pearson_mse_havg_score,0.33470340035825996
csi800,random-reset,na,na,clean_k10,0.0,0.0,0.0,PDS_pearson_mse_havg_raw_corr,-0.33470340035825996
csi800,random-reset,na,na,clean_k10,0.0,0.0,0.0,PDS_pearson_mse_havg_ci_low,0.2755935113900972
csi800,random-reset,na,na,clean_k10,0.0,0.0,0.0,PDS_pearson_mse_havg_ci_high,0.3849530071891876
csi800,random-reset,na,na,clean_k10,0.0,0.0,0.0,PDS_pearson_mse_havg_pvalue,7.2246660473972e-15
csi800,random-reset,na,na,clean_k20,0.0,0.0,0.0,PDS_pearson_mae_havg_score,0.3761568825309258
csi800,random-reset,na,na,clean_k20,0.0,0.0,0.0,PDS_pearson_mae_havg_raw_corr,-0.3761568825309258
csi800,random-reset,na,na,clean_k20,0.0,0.0,0.0,PDS_pearson_mae_havg_ci_low,0.31408023012602704
csi800,random-reset,na,na,clean_k20,0.0,0.0,0.0,PDS_pearson_mae_havg_ci_high,0.43423028963681537
csi800,random-reset,na,na,clean_k20,0.0,0.0,0.0,PDS_pearson_mae_havg_pvalue,1.1806480003525438e-18
csi800,random-reset,na,na,clean_k20,0.0,0.0,0.0,PDS_pearson_mse_havg_score,0.3387452884188128
csi800,random-reset,na,na,clean_k20,0.0,0.0,0.0,PDS_pearson_mse_havg_raw_corr,-0.3387452884188128
csi800,random-reset,na,na,clean_k20,0.0,0.0,0.0,PDS_pearson_mse_havg_ci_low,0.2866575741941203
csi800,random-reset,na,na,clean_k20,0.0,0.0,0.0,PDS_pearson_mse_havg_ci_high,0.3906725186079291
csi800,random-reset,na,na,clean_k20,0.0,0.0,0.0,PDS_pearson_mse_havg_pvalue,3.2641590860229257e-15
csi800,random-reset,na,na,clean_k50,0.0,0.0,0.0,PDS_pearson_mae_havg_score,0.37360508077326504
csi800,random-reset,na,na,clean_k50,0.0,0.0,0.0,PDS_pearson_mae_havg_raw_corr,-0.37360508077326504
csi800,random-reset,na,na,clean_k50,0.0,0.0,0.0,PDS_pearson_mae_havg_ci_low,0.3099950339346402
csi800,random-reset,na,na,clean_k50,0.0,0.0,0.0,PDS_pearson_mae_havg_ci_high,0.4315858817444472
csi800,random-reset,na,na,clean_k50,0.0,0.0,0.0,PDS_pearson_mae_havg_pvalue,2.0966599631793276e-18
csi800,random-reset,na,na,clean_k50,0.0,0.0,0.0,PDS_pearson_mse_havg_score,0.3382599004259681
csi800,random-reset,na,na,clean_k50,0.0,0.0,0.0,PDS_pearson_mse_havg_raw_corr,-0.3382599004259681
csi800,random-reset,na,na,clean_k50,0.0,0.0,0.0,PDS_pearson_mse_havg_ci_low,0.28488423477282643
csi800,random-reset,na,na,clean_k50,0.0,0.0,0.0,PDS_pearson_mse_havg_ci_high,0.3871787310011127
csi800,random-reset,na,na,clean_k50,0.0,0.0,0.0,PDS_pearson_mse_havg_pvalue,3.593153925546448e-15
csi800,random-reset,na,na,clean,0.0,0.0,0.0,LLS_k10,0.2769685147761382
csi800,random-reset,na,na,clean,0.0,0.0,0.0,LLS_k20,0.2107520557303485
csi800,random-reset,na,na,clean,0.0,0.0,0.0,LLS_k50,0.170142094988044
csi800,random-reset,na,na,clean,0.0,0.0,0.0,LLS_avgk,0.21928755516484358
csi800,random-reset,na,q0.95,clean,0.0,0.0,0.0,MCS_k10,1.0
csi800,random-reset,na,q0.95,clean,0.0,0.0,0.0,MCS_k20,1.0
csi800,random-reset,na,q0.95,clean,0.0,0.0,0.0,MCS_k50,1.0
csi800,random-reset,na,na,clean,0.0,0.0,0.0,CSS_seasonality_bal_acc,0.5535444947209653
csi800,random-reset,na,na,clean,0.0,0.0,0.0,CSS_seasonality_margin,0.6654470513330022
csi800,random-reset,na,na,clean,0.0,0.0,0.0,CSS_seasonality_pvalue,0.19047619047619047
csi800,random-reset,na,na,clean,0.0,0.0,0.0,CSS_trend_bal_acc,0.5825791855203619
csi800,random-reset,na,na,clean,0.0,0.0,0.0,CSS_trend_margin,0.6171801106578577
csi800,random-reset,na,na,clean,0.0,0.0,0.0,CSS_trend_pvalue,0.14285714285714285
csi800,random-reset,na,na,clean,0.0,0.0,0.0,CSS_volatility_bal_acc,0.45644796380090497
csi800,random-reset,na,na,clean,0.0,0.0,0.0,CSS_volatility_margin,0.591589467118255
csi800,random-reset,na,na,clean,0.0,0.0,0.0,CSS_volatility_pvalue,0.7619047619047619
csi800,random-reset,na,na,clean,0.0,0.0,0.0,TCS_scale,1.0
csi800,random-reset,na,na,clean,0.0,0.0,0.0,TCS_shift,1.0
csi800,random-reset,na,na,clean,0.0,0.0,0.0,TCS_resample,0.9994516968727112
csi800,random-reset,na,na,clean,0.0,0.0,0.0,TCS_avg,0.9998172322909037
